0.000000000000000000e+00
0.000000000000000000e+00
0.000000000000000000e+00
0.000000000000000000e+00
0.000000000000000000e+00
0.000000000000000000e+00
0.000000000000000000e+00
0.000000000000000000e+00
0.000000000000000000e+00
0.000000000000000000e+00
0.000000000000000000e+00
0.000000000000000000e+00
0.000000000000000000e+00
0.000000000000000000e+00
0.000000000000000000e+00
0.000000000000000000e+00
0.000000000000000000e+00
0.000000000000000000e+00
0.000000000000000000e+00
0.000000000000000000e+00
0.000000000000000000e+00
0.000000000000000000e+00
0.000000000000000000e+00
0.000000000000000000e+00
0.000000000000000000e+00
0.000000000000000000e+00
0.000000000000000000e+00
0.000000000000000000e+00
0.000000000000000000e+00
0.000000000000000000e+00
0.000000000000000000e+00
0.000000000000000000e+00
0.000000000000000000e+00
0.000000000000000000e+00
0.000000000000000000e+00
0.000000000000000000e+00
0.000000000000000000e+00
0.000000000000000000e+00
0.000000000000000000e+00
0.000000000000000000e+00
0.000000000000000000e+00
0.000000000000000000e+00
0.000000000000000000e+00
0.000000000000000000e+00
0.000000000000000000e+00
0.000000000000000000e+00
0.000000000000000000e+00
0.000000000000000000e+00
0.000000000000000000e+00
0.000000000000000000e+00
0.000000000000000000e+00
0.000000000000000000e+00
0.000000000000000000e+00
0.000000000000000000e+00
0.000000000000000000e+00
0.000000000000000000e+00
0.000000000000000000e+00
0.000000000000000000e+00
0.000000000000000000e+00
0.000000000000000000e+00
0.000000000000000000e+00
0.000000000000000000e+00
0.000000000000000000e+00
0.000000000000000000e+00
0.000000000000000000e+00
0.000000000000000000e+00
0.000000000000000000e+00
0.000000000000000000e+00
0.000000000000000000e+00
0.000000000000000000e+00
0.000000000000000000e+00
0.000000000000000000e+00
0.000000000000000000e+00
0.000000000000000000e+00
0.000000000000000000e+00
0.000000000000000000e+00
0.000000000000000000e+00
0.000000000000000000e+00
0.000000000000000000e+00
0.000000000000000000e+00
0.000000000000000000e+00
0.000000000000000000e+00
0.000000000000000000e+00
0.000000000000000000e+00
0.000000000000000000e+00
0.000000000000000000e+00
0.000000000000000000e+00
0.000000000000000000e+00
0.000000000000000000e+00
0.000000000000000000e+00
0.000000000000000000e+00
0.000000000000000000e+00
0.000000000000000000e+00
0.000000000000000000e+00
0.000000000000000000e+00
0.000000000000000000e+00
0.000000000000000000e+00
0.000000000000000000e+00
0.000000000000000000e+00
0.000000000000000000e+00
0.000000000000000000e+00
0.000000000000000000e+00
0.000000000000000000e+00
0.000000000000000000e+00
0.000000000000000000e+00
0.000000000000000000e+00
0.000000000000000000e+00
0.000000000000000000e+00
0.000000000000000000e+00
0.000000000000000000e+00
0.000000000000000000e+00
0.000000000000000000e+00
0.000000000000000000e+00
0.000000000000000000e+00
0.000000000000000000e+00
6.183621438662806372e-08
2.110278322570284700e-07
6.670606767849031957e-07
1.964117700643204007e-06
5.404075505034858835e-06
1.391941995906405365e-05
3.357288444969498361e-05
7.579100529952864488e-05
1.598177518393151752e-04
3.170590322199109989e-04
5.784657435694616576e-04
9.835017435466694539e-04
1.543271398831721477e-03
2.217721675303963545e-03
2.887096757955277121e-03
3.345459998466659458e-03
3.340832005673835710e-03
2.684698034331582401e-03
1.358878786272578292e-03
-3.131342348082289729e-04
-1.753589400681888118e-03
-2.319738296714702296e-03
-1.675242643421681350e-03
-1.038380034574670915e-04
1.498733036864612197e-03
2.094751208702312541e-03
1.231198740058085097e-03
-5.042410576091409810e-04
-1.784374265956891522e-03
-1.550650057986654963e-03
2.330293558924896875e-05
1.546633062064404346e-03
1.599168763877832937e-03
1.171390575874287266e-04
-1.430347031865655729e-03
-1.452995319234250040e-03
7.243089210728162486e-05
1.482699441260670881e-03
1.203197166162226807e-03
-4.381679546495401319e-04
-1.511959018039274070e-03
-7.380253203507876813e-04
9.230341973436831556e-04
1.393223690499914916e-03
8.521015671398225104e-05
-1.294889995157570087e-03
-9.334915302336377558e-04
6.662427678398776670e-04
1.316800394783958694e-03
1.289240976361401270e-04
-1.222326110016079288e-03
-8.305742675332703244e-04
7.085981720960441831e-04
1.132698509860060329e-03
-1.777375303212116639e-04
-1.262871215901729917e-03
-5.106252192363145521e-04
8.937240021244503927e-04
7.780786913610621223e-04
-6.504825938234793997e-04
-1.124707825125684322e-03
1.044525163280822137e-04
1.075282549643361962e-03
2.699464820921150554e-04
-9.319667525992090824e-04
-5.216386643912883456e-04
8.237112048272515969e-04
8.714383586421283519e-04
-4.310795388413469868e-04
-8.801807837718516117e-04
2.401221723711296336e-04
9.526926217265928353e-04
9.755925770242308324e-06
-9.478113093788359273e-04
-2.596250828036194658e-04
8.495300211728646017e-04
4.422686935282930097e-04
-7.054017858401211974e-04
-5.162058875630719159e-04
6.549156273285716310e-04
6.764524632349532387e-04
-4.886897551696637232e-04
-7.259516553087854958e-04
3.628490952527743045e-04
7.512241578948161344e-04
-2.569214858542493720e-04
-7.552036246191284191e-04
1.917691433990452964e-04
8.034345642418103985e-04
-6.211567975060196787e-05
-7.639818663407259942e-04
4.655523756696353336e-06
7.499404724137615852e-04
4.956240170063827896e-05
-7.300151468443054695e-04
-7.961179327392517966e-05
7.405179185959664349e-04
1.485148267211718889e-04
-6.950477427328843796e-04
-1.583095114919065062e-04
6.838252800680311508e-04
1.762182783017201149e-04
-6.647350917457284843e-04
-1.707559643902923155e-04
6.771024936230002865e-04
2.001335899285173483e-04
-6.450552497443921146e-04
-1.816674711386588690e-04
6.453353695335554757e-04
1.771382333337310230e-04
-6.298463832576502120e-04
-1.432877824886683146e-04
6.496772219518534694e-04
1.451015790213705558e-04
-6.293704557342488142e-04
-1.074325401088718903e-04
6.353904801934995468e-04
8.661725456017427814e-05
-6.173750414121195870e-04
-3.115628024738269816e-05
6.341888957344136643e-04
9.151560584726890567e-06
-6.154520663993882142e-04
4.373099528256665897e-05
6.166145266876785257e-04
-7.609903419869882245e-05
-5.855438868013388516e-04
1.442787493946411396e-04
5.844079718991961091e-04
-1.822790008908696611e-04
-5.502394739063372429e-04
2.457220667260091342e-04
5.351281968511296385e-04
-2.803425775601323632e-04
-4.809994822763742931e-04
3.466190738431338065e-04
4.505574692685873975e-04
-3.828472261105831807e-04
-3.872857708503043943e-04
4.413630831699261962e-04
3.460531504872829288e-04
-4.628396585119598505e-04
-2.667659808625691431e-04
5.062107073649158755e-04
2.081229587452496240e-04
-5.149682345989546085e-04
-1.175023756733464087e-04
5.426324494316402645e-04
5.343173090270476449e-05
-5.294017739373925620e-04
4.017136285775523480e-05
5.303037457859851407e-04
-1.068805854911923463e-04
-4.900338831980436327e-04
2.006528089506993712e-04
4.663631758722638215e-04
-2.608624463753607707e-04
-4.026217008942034408e-04
3.402822044496846862e-04
3.543998106673874188e-04
-3.808393326513536238e-04
-2.662116364515994065e-04
4.377523135240882755e-04
1.970379246445101598e-04
-4.532193959338932953e-04
-9.478168736026229470e-05
4.802853888232841168e-04
1.800160762755370329e-05
-4.614254144125638432e-04
8.621773853139207936e-05
4.517970084789106459e-04
-1.594201974726343427e-04
-3.969254086022248754e-04
2.532828281061876453e-04
3.541802374834320086e-04
-3.078062611110966526e-04
-2.697286129600158099e-04
3.747670084284186330e-04
2.012814369848591725e-04
-3.960980592133876124e-04
-9.662038227997402659e-05
4.257475973217912332e-04
1.560362642006443348e-05
-4.075211369950762432e-04
9.166025208781740385e-05
3.959385411245145304e-04
-1.652229868401550281e-04
-3.365141263499182639e-04
2.556489923723278429e-04
2.863202981129411352e-04
-3.039503768875600489e-04
-1.939165605032807565e-04
3.614206135435804623e-04
1.188397720109361273e-04
-3.701014520180004623e-04
-1.127005803495222588e-05
3.830015259870099163e-04
-6.858071786435328569e-05
-3.450532498254395828e-04
1.699132431899151975e-04
3.123519126886172741e-04
-2.325730675326274097e-04
-2.333300705714251317e-04
3.057316491292822315e-04
1.664676712780899486e-04
-3.307086840744310856e-04
-6.246746166143816005e-05
3.589575245010798556e-04
-1.849018359766963727e-05
-3.351144079439634577e-04
1.240913206560735269e-04
3.139701838817775931e-04
-1.934439741079431907e-04
-2.436115135073078247e-04
2.743777270771656919e-04
1.818257652341896962e-04
-3.077535583260061617e-04
-7.997076781602776685e-05
3.437343309727563080e-04
-1.681454450250383211e-06
-3.266948190033834359e-04
1.094250659270180393e-04
3.101297280962793108e-04
-1.822652580752632851e-04
-2.424658919639161698e-04
2.666455249456523556e-04
1.809511052499991688e-04
-3.033723277588479977e-04
-7.803701281305429978e-05
3.413445507305786983e-04
-5.938534330882601340e-06
-3.250117391164487586e-04
1.160126033928229433e-04
3.070893930740736973e-04
-1.911329551092695860e-04
-2.368004418248467107e-04
2.764693950619182363e-04
1.712058894120444051e-04
-3.129961086714497243e-04
-6.416540607530683675e-05
3.484941973163478593e-04
-2.399948460689409812e-05
-3.281195315794993659e-04
1.368135216319181133e-04
3.040915217236111849e-04
-2.133185965921965900e-04
-2.270045875249609166e-04
2.973959825876039951e-04
1.539950454969151057e-04
-3.304646977479924535e-04
-4.062257752338846494e-05
3.595608205369285300e-04
-5.265046536384882777e-05
-3.310512450575201870e-04
1.677095488421484492e-04
2.970753573122253779e-04
-2.438531027109939369e-04
-2.101505915807276408e-04
3.237414052936968809e-04
1.276600896147154769e-04
-3.497812796819378374e-04
-7.240899443946690806e-06
3.685737725890967796e-04
-9.055574032905924938e-05
-3.283132979799872008e-04
2.059171977658339966e-04
2.814277721871379090e-04
-2.786536470895586027e-04
-1.827782962364131708e-04
3.504984366265517857e-04
9.020175584587999766e-05
-3.653814245218854899e-04
3.636495815976182515e-05
3.698914378342462480e-04
-1.364065253289802623e-04
-3.147038078911394568e-04
2.484656642424522884e-04
2.528378507711962278e-04
-3.133992242575727566e-04
-1.419696181351638318e-04
3.724115554411194860e-04
4.043654462356336039e-05
-3.716588466122050082e-04
8.947676184366386038e-05
3.582399183219891949e-04
-1.876136104591277136e-04
-2.858701770218189959e-04
2.912470371187505765e-04
2.084451018098295563e-04
-3.429481034086277269e-04
-8.671423328057460960e-05
3.839357393678583495e-04
-2.065006228863535377e-05
-3.633582302176209403e-04
1.491698898120830596e-04
3.292848871405078108e-04
-2.396276859630696459e-04
-2.389950023230277951e-04
3.285859645084149750e-04
1.473929108556143908e-04
-3.611420805790309754e-04
-1.830687252599773893e-05
3.792535878683629528e-04
-8.962004899728245389e-05
-3.357770314722387630e-04
2.102264809466097568e-04
2.801576148119426838e-04
-2.860679576426709836e-04
-1.735235976860764111e-04
3.537703320585488392e-04
7.161121945381508105e-05
-3.618611283721362686e-04
5.898866575302198436e-05
3.536804454202743830e-04
-1.603445948770123772e-04
-2.863317259301665849e-04
2.653978285831394448e-04
2.108313024899567223e-04
-3.194088383681796496e-04
-9.207531839593857681e-05
3.599633835262151631e-04
-1.377049353895047153e-05
-3.398293227298058126e-04
1.380248155179868185e-04
3.042676743898179619e-04
-2.244152539520856773e-04
-2.149106988081415481e-04
3.059898877813513091e-04
1.242342568454397769e-04
-3.317289242141495940e-04
-4.532636612832430159e-07
3.410635084779214542e-04
-1.006310076847060676e-04
-2.916176825058673433e-04
2.092680638759819535e-04
2.308609285038131648e-04
-2.719741485413380518e-04
-1.248375422538599080e-04
3.230315295881086546e-04
2.693628746491398855e-05
-3.161546776747429502e-04
9.217291184365955026e-05
2.932554662826782912e-04
-1.782343092792977981e-04
-2.171479695174424295e-04
2.616869624725499705e-04
1.373144707120223999e-04
-2.931443123888943314e-04
-2.361151318512449678e-05
3.091655962318346005e-04
-7.073053261614587134e-05
-2.689655199487588229e-04
1.738822874234805102e-04
2.171686726499169454e-04
-2.346413411477287782e-04
-1.215328405325372227e-04
2.849817488800282083e-04
3.270824956614390677e-05
-2.807810647907841412e-04
7.680603043648722968e-05
2.615354504121900981e-04
-1.554545073370065724e-04
-1.921427233100860791e-04
2.317963464745542755e-04
1.195332135164512056e-04
-2.591364841814264861e-04
-1.550227631325982116e-05
2.721253676151246621e-04
-6.947815433327318615e-05
-2.325796610683299973e-04
1.618913557485101304e-04
1.830411182553584658e-04
-2.135340103540004589e-04
-9.357578149491100456e-05
2.548952352369821201e-04
1.235710637450646838e-05
-2.449289055533383124e-04
8.631333914945869162e-05
2.216015365870731767e-04
-1.538698804978169644e-04
-1.526317752657123546e-04
2.175829572933867776e-04
8.299738114511115081e-05
-2.341260792903775958e-04
1.331478923370878043e-05
2.370910560471624730e-04
-8.849877702447864658e-05
-1.916189117468041479e-04
1.676532510004918235e-04
1.389328767340407582e-04
-2.059547731106330483e-04
-5.184166713457405873e-05
2.331139940820817224e-04
-2.358610731658696003e-05
-2.117827647381039370e-04
1.113020105517086895e-04
1.791838473022481885e-04
-1.658525458318430457e-04
-1.063547946128267014e-04
2.137384312098345959e-04
3.684513326392027492e-05
-2.154570764091795281e-04
5.307216544279180011e-05
2.042624716885393867e-04
-1.181823599475930272e-04
-1.490861184314412917e-04
1.825494903162256939e-04
9.039940868276194811e-05
-2.050138039939835416e-04
-3.915421642484262472e-06
2.151184819055729919e-04
-6.619547097829978912e-05
-1.795887221631228695e-04
1.423799197672225762e-04
1.354741466247684630e-04
-1.824458462109693983e-04
-5.729196742536694524e-05
2.126516603149919014e-04
-1.255834543630307407e-05
-1.976022856731348700e-04
9.572103670968290143e-05
1.707549206962440016e-04
-1.496244084358434715e-04
-1.049715629657239598e-04
1.977999487150358606e-04
4.026741466509049891e-05
-2.029709815366541087e-04
4.493833243853004848e-05
1.950515495335234360e-04
-1.083962443632239614e-04
-1.449395773730434347e-04
1.715413307048584796e-04
8.981310638384639583e-05
-1.956239729805013376e-04
-7.466752423207709548e-06
2.072123897412446426e-04
-6.085431961174545288e-05
-1.751197018930445554e-04
1.351900487035877241e-04
1.333726810418085155e-04
-1.758228047167254774e-04
-5.856524422658347499e-05
2.063516210183246181e-04
-9.693666497695462283e-06
-1.935553391979039084e-04
9.080111961028019022e-05
1.681589239974419123e-04
-1.446678248769988620e-04
-1.050974944421347235e-04
1.924136766536697300e-04
4.177124614600421766e-05
-1.989894607474794507e-04
4.128238556491440280e-05
1.918346641314266584e-04
-1.042394028674722273e-04
-1.439302033191736032e-04
1.663436889116930216e-04
9.002587076711124098e-05
-1.910787094252157457e-04
-9.944858919012520011e-06
2.027905480025259273e-04
-5.739989760399986631e-05
-1.723829374670763563e-04
1.300476128659816208e-04
1.316602976284964705e-04
-1.704993562261121747e-04
-5.918630724052451107e-05
2.003592047221513378e-04
-7.639785024576840438e-06
-1.885152014864894328e-04
8.634903874221639449e-05
1.637031460188411846e-04
-1.390401898953075375e-04
-1.028167951196642688e-04
1.850708223653339942e-04
4.121233101551164990e-05
-1.915360452140359561e-04
3.880892419711282645e-05
1.841370514820286170e-04
-9.955694306640459781e-05
-1.378405730722691584e-04
1.587191137220235612e-04
8.555957424149891418e-05
-1.819603924482151192e-04
-8.836345404961829159e-06
1.921512317370871448e-04
-5.545211953398235255e-05
-1.622513577080678668e-04
1.239494192462033888e-04
1.224801214530017149e-04
-1.613591966637265072e-04
-5.314302504480224680e-05
1.880649182017309778e-04
-1.024020434179399449e-05
-1.751059748836422084e-04
8.389257802039653666e-05
1.499195886323741926e-04
-1.320884249087274928e-04
-9.124127368672276949e-05
1.731809668059899941e-04
3.278104473060076436e-05
-1.765285175026946288e-04
4.185065337190286698e-05
1.668509358214156565e-04
-9.705309746569845621e-05
-1.211156764857609041e-04
1.496663089947620822e-04
7.088085873396773623e-05
-1.677075880395085920e-04
9.064752272911042056e-07
1.733657933994261319e-04
-5.928898847012062774e-05
-1.417942008914564289e-04
1.201299138350492865e-04
1.021984361172247578e-04
-1.505181792308164519e-04
-3.647696239747115845e-05
1.704055045552214616e-04
-2.151785121411371895e-05
-1.532192858768552672e-04
8.718562452257259921e-05
1.257419468168305193e-04
-1.271321280706322668e-04
-6.855900413769245921e-05
1.594413875670895803e-04
1.404739975234385675e-05
-1.560168932658909753e-04
5.320071241676228700e-05
1.351589169986838507e-04
-1.161217742898617954e-04
-6.502464901743628995e-05
1.567843850495854053e-04
-1.066977754049295639e-05
-1.419895215581470926e-04
9.301567527900312824e-05
9.899319877996662744e-05
-1.368320188740322814e-04
-1.818763574617316404e-05
1.525817345982519873e-04
-5.521949943649075447e-05
-1.143912642564027534e-04
1.227004361610652735e-04
5.570501538222974707e-05
-1.436415329490852431e-04
2.840340867151689723e-05
1.346073046303382283e-04
-9.222699561516840079e-05
-7.702174766799124630e-05
1.396634017539271581e-04
9.401220935069259458e-06
-1.361184723129138367e-04
7.040784640837981819e-05
1.047310880921025524e-04
-1.183295700920815048e-04
-3.354598636301678831e-05
1.424734001221944946e-04
-3.549170785545892966e-05
-1.151936867504284767e-04
1.038925368416745493e-04
6.600119566022359891e-05
-1.312199876852228526e-04
1.175042034891333349e-05
1.311237492107727109e-04
-7.468341983777968408e-05
-8.317250236540962968e-05
1.257876498585871702e-04
2.236173637505942111e-05
-1.299214484714380645e-04
5.440479155650629773e-05
1.070161940356073447e-04
-1.044461927238287264e-04
-4.343567581282552150e-05
1.341476534525923715e-04
-2.177667410058049696e-05
-1.148354848262537635e-04
9.021126623398060195e-05
7.279045111258984169e-05
-1.219616095413376039e-04
-1.202068811761515698e-07
1.283548116957551903e-04
-6.194127053299120010e-05
-8.773188837860359504e-05
1.156251986853199106e-04
3.210605638730711661e-05
-1.256445426667508964e-04
4.226548497981677977e-05
1.092563812773407532e-04
-9.407203313598439746e-05
-5.164431856784987691e-05
1.282235248667898235e-04
-1.070176913399477955e-05
-1.154164417136263089e-04
7.933546866189467787e-05
7.912458445037340239e-05
-1.149965006199440943e-04
-1.053394466212739934e-05
1.269566698993487299e-04
-5.110547445990348039e-05
-9.263946992794179340e-05
1.072833765511526272e-04
4.134196217394033089e-05
-1.227195737365338970e-04
3.114646495227269018e-05
1.122049571246011313e-04
-8.484672191446026581e-05
-5.995869720845507008e-05
1.232686894113059017e-04
7.909630529053259566e-08
-1.166305296235492538e-04
6.888847761188752084e-05
8.576450247018437120e-05
-1.083890608342169586e-04
-2.107771777773304118e-05
1.257563094700324792e-04
-4.012576299473503299e-05
-9.764299640602107160e-05
9.865999271444750220e-05
5.073813266687370364e-05
-1.193829805372507085e-04
1.962378698183357714e-05
1.147484276588010924e-04
-7.490471001207951176e-05
-6.810863252523908747e-05
1.173583734219419517e-04
1.114332756092685195e-05
-1.168696780418370681e-04
5.762827715674107069e-05
9.171122193783412145e-05
-1.005274146206131875e-04
-3.149566064549071511e-05
1.231046972208037888e-04
-2.855358133420551808e-05
-1.013703246789712629e-04
8.874690358373327453e-05
5.941628723980697400e-05
-1.142849491063693894e-04
7.977482740355532686e-06
1.154662852634669097e-04
-6.390007741198359698e-05
-7.485869175160497953e-05
1.095926905346243717e-04
2.166427503777020898e-05
-1.148650353945176176e-04
4.579579141039083912e-05
9.558646163549444131e-05
-9.100229030751291314e-05
-4.058301186450146119e-05
1.180420628504695992e-04
-1.714724428561502506e-05
-1.025162776351799208e-04
7.770094716334758180e-05
6.599831785464989559e-05
-1.069779362749741924e-04
-2.625672706959172488e-06
1.134091125430677856e-04
-5.257258747169463349e-05
-7.893842594336188915e-05
1.001750947407304473e-04
3.029913750957448289e-05
-1.102424887708991264e-04
3.456999746368234348e-05
9.650030736998450041e-05
-8.061382657700678716e-05
-4.709950088216864497e-05
1.108169452479986118e-04
-7.255587498792962392e-06
-1.006989560544088892e-04
6.670517747406724070e-05
6.955991494935994442e-05
-9.818928731759953997e-05
-1.091398072334234328e-05
1.086862926800837644e-04
-4.224293744859952096e-05
-7.982216373221552553e-05
9.015537227266783146e-05
3.601765381313545156e-05
-1.035485968806869984e-04
2.525020920532311631e-05
9.439614589880208190e-05
-7.062469295459899586e-05
-5.039097626525876241e-05
1.024051480961183963e-04
1.150664978795112104e-08
-9.640109086046621926e-05
5.710611899011078593e-05
6.996971150554674788e-05
-8.923086685257029989e-05
-1.614767573957875705e-05
1.022921181339743257e-04
-3.410140893905146283e-05
-7.795029208548124656e-05
8.095085727589353207e-05
3.861223630851164709e-05
-9.608813546408580936e-05
1.864813215662622373e-05
9.018246642664443037e-05
-6.226028550535141984e-05
-5.077373438165871873e-05
9.414226992168638248e-05
4.338084117484009770e-06
-9.076143774311494321e-05
4.974417162228912399e-05
6.794585214379643119e-05
-8.124365247203665344e-05
-1.848100693679484251e-05
9.542895232715873667e-05
-2.856669956398223361e-05
-7.430955719437780502e-05
7.344746409717073127e-05
3.863938735694998305e-05
-8.902407743710072461e-05
1.477317725611791286e-05
8.502561119785311829e-05
-5.608736526362875097e-05
-4.913374666290965437e-05
8.704367855397409065e-05
6.130333349078358325e-06
-8.498341453635703242e-05
4.480731126513705766e-05
6.460003379113312490e-05
-7.494275890001692681e-05
-1.867077552983001403e-05
8.914399909397447308e-05
-2.539354924390758316e-05
-7.003140471866910817e-05
6.793012471950823493e-05
3.706602245920512337e-05
-8.306132997462216698e-05
1.302730779131065502e-05
7.988793829253820560e-05
-5.197111717636271642e-05
-4.645993680703766149e-05
8.144778686782277945e-05
6.185362662658655759e-06
-7.978339374408508465e-05
4.186782431375992791e-05
6.084409580870601633e-05
-7.036898179121398901e-05
-1.759101344050523764e-05
8.393318665608423611e-05
-2.396614341412581415e-05
-6.591434452636030076e-05
6.420726454225832863e-05
3.478600252968563726e-05
-7.846371683055145744e-05
1.265696279088614048e-05
7.540637511731774459e-05
-4.948035424864903798e-05
-4.359311945080980615e-05
7.733228046532132074e-05
5.343827339786369874e-06
-7.553332146101679207e-05
4.026953039022014379e-05
5.734585907962476008e-05
-6.717501528875057806e-05
-1.605047012749489727e-05
7.982675446102192732e-05
-2.349983921732230635e-05
-6.235132699966774051e-05
6.169505545587495687e-05
3.245783206945960229e-05
-7.497842073629371810e-05
1.290066868812582666e-05
7.171007168708994225e-05
-4.794359772721451730e-05
-4.099413968392763352e-05
7.428153321674987701e-05
4.258538771765977933e-06
-7.216384598780733442e-05
3.935141603915343506e-05
5.437721749726392393e-05
-6.485993334022906133e-05
-1.456735189693935240e-05
7.659329677063657891e-05
-2.337590836813041169e-05
-5.941971502827983888e-05
5.981828594694157622e-05
3.043187489309465789e-05
-7.219914721336917137e-05
1.321631246873840257e-05
6.863992197923391673e-05
-4.674389870995883123e-05
-3.878642619803350749e-05
7.173156024208354102e-05
3.313672130976662495e-06
-6.929116524942662122e-05
3.855468701557363226e-05
5.182093911601766623e-05
-6.283013971869460125e-05
-1.330924797018156292e-05
7.374472261483186746e-05
-2.320951639980905386e-05
-5.684425131186049548e-05
5.808577331028339305e-05
2.868368689648545430e-05
-6.966488605489399568e-05
1.340427678125454450e-05
6.586780300589186767e-05
-4.554300936214074965e-05
-3.683216956166326272e-05
6.930050181125585549e-05
2.563030262093803545e-06
-6.658055552243087485e-05
3.765663658664490882e-05
4.945622593667913083e-05
-6.075294116734256448e-05
-1.222553112686586559e-05
7.091237213759824475e-05
-2.286787167603043834e-05
-5.431458108109545415e-05
5.620127850007209058e-05
2.703856639155002544e-05
-6.698673485478434891e-05
1.344792329966617230e-05
6.300765950140845559e-05
-4.414160084458790636e-05
-3.485078104247129227e-05
6.666439035472336897e-05
1.882634223998255364e-06
-6.367358892421183167e-05
3.661444268954254050e-05
4.696358854408363726e-05
-5.845621046907928235e-05
-1.109528885313904766e-05
6.784037895951739968e-05
-2.245058998395059672e-05
-5.155467158927602744e-05
5.413751660235197472e-05
2.524656817683743564e-05
-6.403053284362384681e-05
1.352282717643944392e-05
5.984193669297535264e-05
-4.260650995715699232e-05
-3.259384842025245336e-05
6.375257533470047656e-05
1.058829083306222390e-06
-6.038468784218916139e-05
3.554106581744438746e-05
4.409156499347561766e-05
-5.592487292557160453e-05
-9.673656373253057287e-06
6.438915769748927275e-05
-2.214052223776499708e-05
-4.834371280394953336e-05
5.197380655929016648e-05
2.305322909031572227e-05
-6.077338838236840969e-05
1.386772118682101612e-05
5.625450626476687115e-05
-4.113492895613759566e-05
-2.987483298598136511e-05
6.069102871995815283e-05
-1.479681497485364123e-07
-5.674954258137513520e-05
3.468925407873054784e-05
4.077037581489931255e-05
-5.338380670749386282e-05
-7.798707772460542191e-06
6.070552929738389224e-05
-2.216030605438112626e-05
-4.472135465569967256e-05
4.993475191836881626e-05
2.038731480185396362e-05
-5.739054861382074499e-05
1.462810875105192720e-05
5.233169642955361097e-05
-3.990369848672422362e-05
-2.669211687777800222e-05
5.764081002326470126e-05
-1.819325775275272684e-06
-5.289133221979839600e-05
3.419814227222684350e-05
3.705984639776535030e-05
-5.100972388314622757e-05
-5.450840945769582959e-06
5.696761139101311227e-05
-2.261813180556143587e-05
-4.083275147162584344e-05
4.820557291850327135e-05
1.731572424893016918e-05
-5.411496976866178078e-05
1.584264906712013125e-05
4.829727263248548443e-05
-3.905975020811370971e-05
-2.320750307847569422e-05
5.481854393355332553e-05
-3.895586492392876901e-06
-4.905199093093544680e-05
3.410867655626360781e-05
3.316740483860902288e-05
-4.893012155963396870e-05
-2.774090220889272718e-06
5.335176212192421525e-05
-2.345149202242483014e-05
-3.687034120044031522e-05
4.680837028309290732e-05
1.401183566146121274e-05
-5.105111761178685579e-05
1.739169148007015664e-05
4.431310170622959355e-05
-3.857044184629592495e-05
-1.960218107199962484e-05
5.229294272482433833e-05
-6.229713632518487657e-06
-4.538857104654980194e-05
3.435636954636639564e-05
2.928920829615201140e-05
-4.719443958355251716e-05
4.680659792918244171e-08
5.000045263856928791e-05
-2.454903779588334432e-05
-3.304231009768824316e-05
4.572871747664145303e-05
1.069397668729545975e-05
-4.828214531030572892e-05
1.909275591415358775e-05
4.053948631044656262e-05
-3.831900946768571970e-05
-1.608658076545844119e-05
5.003285424277958607e-05
-8.598592785537590333e-06
-4.196166935689736989e-05
3.474738009837744635e-05
2.557272592642174553e-05
-4.567367604062379889e-05
2.809114026488008482e-06
4.688645022888859962e-05
-2.570440649570979017e-05
-2.943261177280070447e-05
4.480777536464710081e-05
7.511980168384576977e-06
-4.574560554837640597e-05
2.076794705372347809e-05
3.700913966315905315e-05
-3.815581175399970174e-05
-1.277224749280924701e-05
4.795621696133182775e-05
-1.084869226421718252e-05
-3.877263778513086802e-05
3.513183962313721755e-05
2.209242465668867007e-05
-4.425028583521364378e-05
5.382765514794102279e-06
4.395208376649031466e-05
-2.675152801419983942e-05
-2.604652172291877771e-05
4.388100250385487981e-05
4.552138219143850595e-06
-4.330488545722585569e-05
2.226294121697022576e-05
3.365133246525390864e-05
-3.790188375388264417e-05
-9.681840782198928352e-06
4.589787883330916996e-05
-1.289128128407807019e-05
-3.571098928484122954e-05
3.537689316279067690e-05
1.881198281952478613e-05
-4.278930113797834995e-05
7.737900664190374821e-06
4.109805796956283043e-05
-2.761755453323364620e-05
-2.283562398386355922e-05
4.286542523587876002e-05
1.814467207070429838e-06
-4.088384738247012948e-05
2.354502176072842805e-05
3.042213881594876452e-05
-3.748986057418536501e-05
-6.799291321142942342e-06
4.378268862923871701e-05
-1.469545790267453397e-05
-3.270870457632406167e-05
3.540672421044235418e-05
1.569062888284582054e-05
-4.119138457864928696e-05
9.859336564282777566e-06
3.822088482332172509e-05
-2.824015519937649689e-05
-1.972636660053291046e-05
4.166600973652230874e-05
-7.264534246838372034e-07
-3.838143845727965629e-05
2.459579752186868211e-05
2.724078032506110816e-05
-3.687278005987819124e-05
-4.071061472448513977e-06
4.155627987606478783e-05
-1.628443052748467033e-05
-2.970876448039064732e-05
3.522972532512645553e-05
1.268795212341465352e-05
-3.944389376103719317e-05
1.178516695446708491e-05
3.530146345593866496e-05
-2.863898605935304173e-05
-1.669088796735304314e-05
4.027744237886818438e-05
-3.094610709639460508e-06
-3.577656500914499788e-05
2.541495956186835608e-05
2.407369170152544489e-05
-3.602731190305156936e-05
-1.474302320939547115e-06
3.917147667242391900e-05
-1.765546150891971633e-05
-2.666047549816134856e-05
3.481817188764228728e-05
9.766672596597260857e-06
-3.750560968227737520e-05
1.353601065749475416e-05
3.229675346203779424e-05
-2.881873866298990597e-05
-1.368553703727581518e-05
3.869948192180320087e-05
-5.324353426331374153e-06
-3.305689804575441564e-05
2.604199446032684766e-05
2.090655543911607708e-05
-3.498926570874835896e-05
1.021842004325314240e-06
3.665207482990128223e-05
-1.884993059058210724e-05
-2.357129248269494606e-05
3.420373606192846018e-05
6.916573700032362458e-06
-3.540193676994695456e-05
1.512697375838554744e-05
2.921075800161029097e-05
-2.879106570500739284e-05
-1.070404118698354293e-05
3.692706894430728158e-05
-7.417901213069835971e-06
-3.021301771588367837e-05
2.647438316511855833e-05
1.772877828110597131e-05
-3.375267861486350618e-05
3.428438416872795122e-06
3.399169560169415174e-05
-1.987567924832887349e-05
-2.043325626600701010e-05
3.340418080456722123e-05
4.127649689788587908e-06
-3.314964973070499228e-05
1.658327312551271913e-05
2.605686003406021642e-05
-2.859182246857375066e-05
-7.745695102891578021e-06
3.499712662116512887e-05
-9.400223316665257659e-06
-2.727344707190832067e-05
2.674315317892264865e-05
1.454421729839650404e-05
-3.235043509332034747e-05
5.754981240517799378e-06
3.120826739839323966e-05
-2.075413929838793695e-05
-1.724837944650679938e-05
3.243707035843552326e-05
1.388449490913321823e-06
-3.075875168829160744e-05
1.792322050736086625e-05
2.284052506285559196e-05
-2.824639035687243001e-05
-4.802495452984219452e-06
3.294490783189794853e-05
-1.129539422836195678e-05
-2.426718328079285910e-05
2.689726352950387291e-05
1.137163149569813059e-05
-3.084741694934405379e-05
8.013041171894433478e-06
2.837573239224786030e-05
-2.153409083733703262e-05
-1.407404374456227627e-05
3.137964568419711423e-05
-1.280544932214144118e-06
-2.832020305249339498e-05
1.915959148121986882e-05
1.963969585586624797e-05
-2.780382449272048706e-05
-1.933276993414689181e-06
3.083598075816748797e-05
-1.307771407227085358e-05
-2.126467070067805570e-05
2.693857437701349281e-05
8.276295645183639330e-06
-2.927014430723990707e-05
1.015226551252331265e-05
2.554739474544384640e-05
-2.219052118422289773e-05
-1.097246232619812048e-05
3.024888357743802468e-05
-3.820695928932158229e-06
-2.587805525492737501e-05
2.026618906174017641e-05
1.652557040906668556e-05
-2.727310564476723774e-05
7.960075275419346125e-07
2.872531501372831557e-05
-1.470677687607778889e-05
-1.834347644578416934e-05
2.686690281691926310e-05
5.336914700539317794e-06
-2.765626647669133703e-05
1.210680539433627266e-05
2.278664343044047732e-05
-2.268829542784005904e-05
-8.025601043336810314e-06
2.903641868108072885e-05
-6.153912341605586465e-06
-2.345720342358904861e-05
2.117109693844242580e-05
1.354787966752492787e-05
-2.660316039529748994e-05
3.314416814147879445e-06
2.659593957499754261e-05
-1.610373516352316508e-05
-1.552292566749890844e-05
2.662513415967435361e-05
2.604208904673594156e-06
-2.597363329753858992e-05
1.382208700436309936e-05
2.010200258015163290e-05
-2.297462600856217124e-05
-5.264551807551027701e-06
2.772328536355422692e-05
-8.232694924583296300e-06
-2.106135205192379053e-05
2.183822620958956974e-05
1.073508835787743798e-05
-2.576867901262480789e-05
5.580307339015700822e-06
2.444005699275588527e-05
-1.722394159155255872e-05
-1.281653754582108849e-05
2.616573700031067518e-05
1.056933174100046610e-07
-2.418614356599629872e-05
1.524791733065252128e-05
1.747004153191478585e-05
-2.299195873781420278e-05
-2.696759208807463381e-06
2.624894462752858302e-05
-1.002948063798251187e-05
-1.865046030674688760e-05
2.222431362460152834e-05
8.066020517773710529e-06
-2.472289157113270898e-05
7.599019128503994279e-06
2.222368870820603192e-05
-1.805526792419378236e-05
-1.019832833030189896e-05
2.548039842929780422e-05
-2.171169715592858269e-06
-2.228078798056469252e-05
1.640073567555767238e-05
1.488119578162890902e-05
-2.274362580341829783e-05
-3.028396851061196223e-07
2.461746409924132529e-05
-1.155505260758126730e-05
-1.621700677478014627e-05
2.233679091310521560e-05
5.528602348751473590e-06
-2.346422116963882778e-05
9.378805843615576972e-06
1.992951502576536385e-05
-1.859999268457138041e-05
-7.651827498193102930e-06
2.455712789342594086e-05
-4.245413225742103408e-06
-2.025010841575413463e-05
1.729103683489091912e-05
1.231498058235190398e-05
-2.224805294855982066e-05
1.935109585792354692e-06
2.283605082634162608e-05
-1.284030618797109470e-05
-1.376674499099808411e-05
2.221207088020149531e-05
3.112366334594261910e-06
-2.203214900468035786e-05
1.094890646475759733e-05
1.758815350025672711e-05
-1.889923616635676132e-05
-5.188377320555876437e-06
2.344628395534445253e-05
-6.123024025086239688e-06
-1.812990645544573337e-05
1.794520982884049916e-05
9.799203912753146891e-06
-2.153332107366873234e-05
4.010007846458346913e-06
2.093356212205580276e-05
-1.388702721950156118e-05
-1.132187014976493597e-05
2.186105495436954573e-05
8.321339349264128557e-07
-2.045015084152317685e-05
1.230528792083786547e-05
1.522149037463819771e-05
-1.897303540864495543e-05
-2.827752380554191109e-06
2.217234815662717207e-05
-7.805901295044330551e-06
-1.596385656844483180e-05
1.837896469777448613e-05
7.360837533453048693e-06
-2.064734609567781662e-05
5.904662149305212442e-06
1.895751974163176006e-05
-1.471269018271628572e-05
-8.933328980885221608e-06
2.131485127120654369e-05
-1.282067133505715589e-06
-1.876471147644495383e-05
1.343430630043963958e-05
1.287547856809560628e-05
-1.882569712546931350e-05
-6.102617379925088585e-07
2.075373630779978515e-05
-9.260527416345265059e-06
-1.377632942453991462e-05
1.857385360885727740e-05
5.036524607708419374e-06
-1.958230317141771543e-05
7.590471249847696807e-06
1.692271857037813839e-05
-1.529330154063868470e-05
-6.619866052091661693e-06
2.057053527991719056e-05
-3.205927180234512509e-06
-1.698683834284402100e-05
1.432387212123837558e-05
1.057223646430831015e-05
-1.846279877190166356e-05
1.443886636719308499e-06
1.920736416516705060e-05
-1.048161498967029677e-05
-1.159260473719170082e-05
1.853130579911871283e-05
2.843618881162152559e-06
-1.835342200440152506e-05
9.049946730968632422e-06
1.483984558759478492e-05
-1.562558594791536469e-05
-4.398187927059161462e-06
1.961887889258168589e-05
-4.932786853507478694e-06
-1.511521280477733654e-05
1.496020992751743596e-05
8.307741280410000284e-06
-1.787559497936590648e-05
3.334901608372917631e-06
1.752696291050427301e-05
-1.147200355906136364e-05
-9.405092783820252872e-06
1.826131763881952026e-05
7.719762662197101447e-07
-1.697088170134116117e-05
1.030575346829926844e-05
1.272074818337284612e-05
-1.573764362173492353e-05
-2.262982919642900289e-06
1.849956128760135840e-05
-6.479758751115723512e-06
-1.317741871474212638e-05
1.538286771491853620e-05
6.098352567013632484e-06
-1.710655828832431126e-05
5.069007359691807590e-06
1.575184184839386087e-05
-1.225370385813588643e-05
-7.240938787596516792e-06
1.779336374982662991e-05
-1.169559223779853056e-06
-1.546840734620042257e-05
1.136141279163067246e-05
1.059065111543832674e-05
-1.565243728298429610e-05
-2.350085292787589357e-07
1.724032814896041165e-05
-7.848945101036720949e-06
-1.121266712139271484e-05
1.560624889763272472e-05
3.967437089890618389e-06
-1.619848800431847687e-05
6.634249976096545626e-06
1.392712429676834705e-05
-1.285029262912968569e-05
-5.147687966921040373e-06
1.716987013029515243e-05
-2.958026636904040751e-06
-1.390666061824399912e-05
1.221938421159355141e-05
8.506703510305559129e-06
-1.539988772326033152e-05
1.644324723066326574e-06
1.589108101427363923e-05
-9.019463617412091109e-06
-9.272897739209917775e-06
1.563669648052718619e-05
1.968377489967930434e-06
-1.516936604028867945e-05
7.995944429256512159e-06
1.209315954083769852e-05
-1.323843375689151849e-05
-3.163286984754058869e-06
1.639961366856301740e-05
-4.553618205863764159e-06
-1.230777876903146949e-05
1.286145995301312341e-05
6.509099064506629105e-06
-1.497831812154323378e-05
3.341833553131120255e-06
1.447574697646486724e-05
-9.969507667131193520e-06
-7.391198536585780292e-06
1.547926703718792351e-05
1.373403779702029747e-07
-1.404246447178787129e-05
9.132592707744358512e-06
1.028732120448777325e-05
-1.340821347029512381e-05
-1.323629916311242059e-06
1.549009401726528557e-05
-5.922472444471982889e-06
-1.068807674594320848e-05
1.326692978992279363e-05
4.626255687704695784e-06
-1.437356788440251501e-05
4.827403654629651744e-06
1.299605420813530915e-05
-1.066273101100607020e-05
-5.574584437854249815e-06
1.511015385591399237e-05
-1.504109404726133124e-06
-1.279899631724084351e-05
1.002817997966522440e-05
8.511933374449492351e-06
-1.334120042450840369e-05
3.667661892492401734e-07
1.443784172076746500e-05
-7.050653578303501279e-06
-9.042181795549340400e-06
1.343290003732577373e-05
2.860581636753320678e-06
-1.358223105468224983e-05
6.107220652237567019e-06
1.145772893020691419e-05
-1.110240857151706921e-05
-3.825162558539498309e-06
1.453195793558503754e-05
-2.954816078453251299e-06
-1.143480295158666899e-05
1.068229914345919705e-05
6.755794554858341806e-06
-1.303735227939893399e-05
1.918469680001942303e-06
1.323666286467645132e-05
-7.949973143755485411e-06
-7.365131466142912682e-06
1.336048551349731643e-05
1.196062197306953365e-06
-1.260666798949223601e-05
7.196120925489409714e-06
9.846803283013308211e-06
-1.132016973879000452e-05
-2.129920508048497288e-06
1.376932882027409433e-05
-4.249165530635953200e-06
-9.980110185672754600e-06
1.112539042723548144e-05
5.018286685614450158e-06
-1.254360901676447196e-05
3.344185268983156248e-06
1.191369604309701418e-05
-8.671243012028596517e-06
-5.683486454100671640e-06
1.310051511318227414e-05
-3.719803958299496988e-07
-1.150589262005263139e-05
8.106140670983696340e-06
8.195681105556078516e-06
-1.135032684075868608e-05
-5.045402780750949693e-07
1.285666227739726558e-05
-5.403372638701487981e-06
-8.476180750447207240e-06
1.138995353315352737e-05
3.329901044903037556e-06
-1.190793618922562230e-05
4.627244974297407051e-06
1.051511166196321302e-05
-9.224041082572658498e-06
-4.030945964968353580e-06
1.268967406382184924e-05
-1.834213798438789772e-06
-1.033879809945325326e-05
8.854776140708364089e-06
6.569160440676039227e-06
-1.123245552669943519e-05
1.000358568844134651e-06
1.184591958105745947e-05
-6.394140953132840300e-06
-6.970235991999051215e-06
1.149221229324881622e-05
1.731518072577532028e-06
-1.117252709805354605e-05
5.746057201586308578e-06
9.107624244778621603e-06
-9.593073111339991483e-06
-2.470237154948556591e-06
1.213193974787820643e-05
-3.133238831477842055e-06
-9.115183032512711432e-06
9.419403507104212253e-06
4.997877003972712888e-06
-1.096731037427148396e-05
2.352629634584322145e-06
1.077377826574788468e-05
-7.179023507532538125e-06
-5.503962264465654311e-06
1.140673073364579569e-05
2.675765412291351876e-07
-1.032211167077591861e-05
6.685560256708939288e-06
7.708183236591386459e-06
-9.780047201774774235e-06
-1.026763726170946052e-06
1.145886433862817627e-05
-4.222175397725418079e-06
-7.855767065081020913e-06
9.765144155836726338e-06
3.508495036649879831e-06
-1.051949038864541550e-05
3.552906855782694325e-06
9.639331110397857054e-06
-7.754699209035318354e-06
-4.089694413599437543e-06
1.114086169724123731e-05
-1.016775373877757453e-06
-9.343170364698988775e-06
7.402811651528678684e-06
6.299613266081458579e-06
-9.742808565195535615e-06
3.301972151389608250e-07
1.065657828555122412e-05
-5.125093322020500298e-06
-6.572839302799142170e-06
9.905785120841040516e-06
2.126928794227236461e-06
-9.881442027578476116e-06
4.577182361420602525e-06
8.410513559313203074e-06
-8.120523254520916240e-06
-2.683057654524276660e-06
1.071777906318583911e-05
-2.169325178278323792e-06
-8.281918987723924132e-06
7.921131080792698687e-06
4.919692080005826479e-06
-9.481663086938045288e-06
1.579138860023266074e-06
9.688788145260190707e-06
-5.865243520619947312e-06
-5.225590348628213553e-06
9.886362045688240713e-06
8.101780538436251194e-07
-9.124961708553180588e-06
5.430950155283215521e-06
7.133028725028244369e-06
-8.269139158561740509e-06
-1.305800509385382097e-06
1.009909955496911949e-05
-3.238504758192182984e-06
-7.119937359467627306e-06
8.320465700514015047e-06
3.553879574472781809e-06
-9.112343968860723775e-06
2.696826223145265832e-06
8.636434333828919087e-06
-6.422532886753498479e-06
-3.850370275501137169e-06
9.687232939895329420e-06
-4.870196658187722540e-07
-8.271965459240573364e-06
6.208529918313183909e-06
5.860785662390468364e-06
-8.319149272252518849e-06
-4.502293712878862198e-08
9.370662638480990321e-06
-4.142533225087361572e-06
-5.887853946847594959e-06
8.555873240948103482e-06
2.167139387654924407e-06
-8.659030861063565218e-06
3.755306454919415912e-06
7.594111802869726750e-06
-6.871306845124604391e-06
-2.589567528215551779e-06
9.346349521553470969e-06
-1.631943392998172699e-06
-7.312685058465408285e-06
6.840537357131786331e-06
4.544936575446297956e-06
-8.303406039912531863e-06
1.154587876838299815e-06
8.664486701297928324e-06
-4.905107908532229919e-06
-4.765857148563445852e-06
8.601618776061422037e-06
9.242502897441825777e-07
-8.046706299504131620e-06
4.681797772608845350e-06
6.485218408209591568e-06
-7.247190594337837625e-06
-1.399555631722267536e-06
9.004877745315119990e-06
-2.578053192074475337e-06
-6.415083259114421596e-06
7.205967006770503603e-06
3.325758353162752726e-06
-8.046616283206352527e-06
2.255948613478969099e-06
7.840266564316663661e-06
-5.586719369037913699e-06
-3.701032881381905944e-06
8.596095892678553522e-06
-9.048723065867126467e-08
-7.405484440364971213e-06
5.289748923519468425e-06
5.372519949192279936e-06
-7.321880997261943813e-06
-2.258254382675531701e-07
8.499087055240323388e-06
-3.468085856750834387e-06
-5.543154532070676804e-06
7.478372901278014111e-06
2.327424149845925644e-06
-7.649691580459047128e-06
3.036672484268989505e-06
6.874936206705708325e-06
-5.948902265659324493e-06
-2.526525946832534037e-06
8.403405417017312021e-06
-1.107669630772086360e-06
-6.750863015782898378e-06
5.778783513869039988e-06
4.429010002512455714e-06
-7.148612672533030909e-06
6.922051208256034987e-07
7.702284445349715490e-06
-4.103464660347379960e-06
-4.421736075896719950e-06
7.604399360477183417e-06
1.236950859542878571e-06
-7.237461298549316703e-06
3.711344160286042644e-06
6.013258589119670626e-06
-6.014516247352220795e-06
-1.493428100406835473e-06
7.828144179694113770e-06
-2.014369165245651406e-06
-5.758428301823730924e-06
6.240503038825774133e-06
3.328820390927842283e-06
-7.018526109934857098e-06
1.522495449816758656e-06
6.970681770841596440e-06
-4.431750174828947482e-06
-3.320732462246046178e-06
7.323201261748670245e-06
8.635689669597014360e-08
-6.477903490790900086e-06
4.511649897943133262e-06
5.001077548244098529e-06
-6.208399768185820115e-06
-5.626049409977582731e-07
7.302224914224220316e-06
-2.621239453009407425e-06
-4.686622010041160884e-06
6.337885706083148510e-06
0.000000000000000000e+00
0.000000000000000000e+00
0.000000000000000000e+00
0.000000000000000000e+00
0.000000000000000000e+00
0.000000000000000000e+00
0.000000000000000000e+00
0.000000000000000000e+00
0.000000000000000000e+00
0.000000000000000000e+00
0.000000000000000000e+00
0.000000000000000000e+00
0.000000000000000000e+00
0.000000000000000000e+00
0.000000000000000000e+00
0.000000000000000000e+00
0.000000000000000000e+00
0.000000000000000000e+00
0.000000000000000000e+00
0.000000000000000000e+00
0.000000000000000000e+00
0.000000000000000000e+00
0.000000000000000000e+00
0.000000000000000000e+00
0.000000000000000000e+00
0.000000000000000000e+00
0.000000000000000000e+00
0.000000000000000000e+00
0.000000000000000000e+00
0.000000000000000000e+00
0.000000000000000000e+00
0.000000000000000000e+00
0.000000000000000000e+00
0.000000000000000000e+00
0.000000000000000000e+00
0.000000000000000000e+00
0.000000000000000000e+00
0.000000000000000000e+00
0.000000000000000000e+00
0.000000000000000000e+00
0.000000000000000000e+00
0.000000000000000000e+00
0.000000000000000000e+00
0.000000000000000000e+00
0.000000000000000000e+00
0.000000000000000000e+00
0.000000000000000000e+00
0.000000000000000000e+00
0.000000000000000000e+00
0.000000000000000000e+00
0.000000000000000000e+00
0.000000000000000000e+00
0.000000000000000000e+00
0.000000000000000000e+00
0.000000000000000000e+00
0.000000000000000000e+00
0.000000000000000000e+00
0.000000000000000000e+00
0.000000000000000000e+00
0.000000000000000000e+00
0.000000000000000000e+00
0.000000000000000000e+00
0.000000000000000000e+00
0.000000000000000000e+00
0.000000000000000000e+00
0.000000000000000000e+00
0.000000000000000000e+00
0.000000000000000000e+00
0.000000000000000000e+00
0.000000000000000000e+00
0.000000000000000000e+00
0.000000000000000000e+00
0.000000000000000000e+00
0.000000000000000000e+00
0.000000000000000000e+00
0.000000000000000000e+00
0.000000000000000000e+00
0.000000000000000000e+00
0.000000000000000000e+00
0.000000000000000000e+00
0.000000000000000000e+00
0.000000000000000000e+00
0.000000000000000000e+00
0.000000000000000000e+00
0.000000000000000000e+00
0.000000000000000000e+00
0.000000000000000000e+00
0.000000000000000000e+00
0.000000000000000000e+00
0.000000000000000000e+00
0.000000000000000000e+00
0.000000000000000000e+00
0.000000000000000000e+00
0.000000000000000000e+00
0.000000000000000000e+00
0.000000000000000000e+00
0.000000000000000000e+00
0.000000000000000000e+00
0.000000000000000000e+00
0.000000000000000000e+00
0.000000000000000000e+00
0.000000000000000000e+00
0.000000000000000000e+00
0.000000000000000000e+00
0.000000000000000000e+00
0.000000000000000000e+00
0.000000000000000000e+00
0.000000000000000000e+00
0.000000000000000000e+00
0.000000000000000000e+00
0.000000000000000000e+00
0.000000000000000000e+00
0.000000000000000000e+00
0.000000000000000000e+00
0.000000000000000000e+00
0.000000000000000000e+00
0.000000000000000000e+00
0.000000000000000000e+00
0.000000000000000000e+00
0.000000000000000000e+00
0.000000000000000000e+00
0.000000000000000000e+00
0.000000000000000000e+00
0.000000000000000000e+00
0.000000000000000000e+00
0.000000000000000000e+00
0.000000000000000000e+00
0.000000000000000000e+00
0.000000000000000000e+00
0.000000000000000000e+00
0.000000000000000000e+00
0.000000000000000000e+00
0.000000000000000000e+00
0.000000000000000000e+00
0.000000000000000000e+00
0.000000000000000000e+00
0.000000000000000000e+00
0.000000000000000000e+00
0.000000000000000000e+00
0.000000000000000000e+00
0.000000000000000000e+00
0.000000000000000000e+00
0.000000000000000000e+00
0.000000000000000000e+00
0.000000000000000000e+00
0.000000000000000000e+00
0.000000000000000000e+00
0.000000000000000000e+00
0.000000000000000000e+00
0.000000000000000000e+00
0.000000000000000000e+00
0.000000000000000000e+00
0.000000000000000000e+00
0.000000000000000000e+00
0.000000000000000000e+00
0.000000000000000000e+00
0.000000000000000000e+00
0.000000000000000000e+00
0.000000000000000000e+00
0.000000000000000000e+00
0.000000000000000000e+00
0.000000000000000000e+00
0.000000000000000000e+00
0.000000000000000000e+00
0.000000000000000000e+00
0.000000000000000000e+00
0.000000000000000000e+00
0.000000000000000000e+00
0.000000000000000000e+00
0.000000000000000000e+00
0.000000000000000000e+00
0.000000000000000000e+00
0.000000000000000000e+00
0.000000000000000000e+00
0.000000000000000000e+00
0.000000000000000000e+00
0.000000000000000000e+00
0.000000000000000000e+00
0.000000000000000000e+00
0.000000000000000000e+00
0.000000000000000000e+00
0.000000000000000000e+00
0.000000000000000000e+00
0.000000000000000000e+00
0.000000000000000000e+00
0.000000000000000000e+00
0.000000000000000000e+00
0.000000000000000000e+00
0.000000000000000000e+00
0.000000000000000000e+00
0.000000000000000000e+00
0.000000000000000000e+00
0.000000000000000000e+00
0.000000000000000000e+00
0.000000000000000000e+00
0.000000000000000000e+00
0.000000000000000000e+00
0.000000000000000000e+00
0.000000000000000000e+00
0.000000000000000000e+00
0.000000000000000000e+00
0.000000000000000000e+00
0.000000000000000000e+00
0.000000000000000000e+00
0.000000000000000000e+00
0.000000000000000000e+00
0.000000000000000000e+00
0.000000000000000000e+00
0.000000000000000000e+00
0.000000000000000000e+00
0.000000000000000000e+00
0.000000000000000000e+00
0.000000000000000000e+00
0.000000000000000000e+00
0.000000000000000000e+00
0.000000000000000000e+00
0.000000000000000000e+00
0.000000000000000000e+00
0.000000000000000000e+00
0.000000000000000000e+00
0.000000000000000000e+00
0.000000000000000000e+00
0.000000000000000000e+00
0.000000000000000000e+00
0.000000000000000000e+00
0.000000000000000000e+00
0.000000000000000000e+00
0.000000000000000000e+00
0.000000000000000000e+00
0.000000000000000000e+00
0.000000000000000000e+00
0.000000000000000000e+00
0.000000000000000000e+00
0.000000000000000000e+00
0.000000000000000000e+00
0.000000000000000000e+00
0.000000000000000000e+00
0.000000000000000000e+00
0.000000000000000000e+00
0.000000000000000000e+00
0.000000000000000000e+00
0.000000000000000000e+00
0.000000000000000000e+00
0.000000000000000000e+00
0.000000000000000000e+00
0.000000000000000000e+00
0.000000000000000000e+00
0.000000000000000000e+00
0.000000000000000000e+00
0.000000000000000000e+00
0.000000000000000000e+00
0.000000000000000000e+00
0.000000000000000000e+00
0.000000000000000000e+00
0.000000000000000000e+00
0.000000000000000000e+00
0.000000000000000000e+00
0.000000000000000000e+00
0.000000000000000000e+00
0.000000000000000000e+00
0.000000000000000000e+00
0.000000000000000000e+00
0.000000000000000000e+00
0.000000000000000000e+00
0.000000000000000000e+00
0.000000000000000000e+00
0.000000000000000000e+00
0.000000000000000000e+00
0.000000000000000000e+00
0.000000000000000000e+00
0.000000000000000000e+00
0.000000000000000000e+00
0.000000000000000000e+00
0.000000000000000000e+00
0.000000000000000000e+00
0.000000000000000000e+00
0.000000000000000000e+00
0.000000000000000000e+00
0.000000000000000000e+00
0.000000000000000000e+00
0.000000000000000000e+00
0.000000000000000000e+00
0.000000000000000000e+00
0.000000000000000000e+00
0.000000000000000000e+00
0.000000000000000000e+00
0.000000000000000000e+00
0.000000000000000000e+00
0.000000000000000000e+00
0.000000000000000000e+00
0.000000000000000000e+00
0.000000000000000000e+00
0.000000000000000000e+00
0.000000000000000000e+00
0.000000000000000000e+00
0.000000000000000000e+00
0.000000000000000000e+00
0.000000000000000000e+00
0.000000000000000000e+00
0.000000000000000000e+00
0.000000000000000000e+00
0.000000000000000000e+00
0.000000000000000000e+00
0.000000000000000000e+00
0.000000000000000000e+00
0.000000000000000000e+00
0.000000000000000000e+00
0.000000000000000000e+00
0.000000000000000000e+00
0.000000000000000000e+00
0.000000000000000000e+00
0.000000000000000000e+00
0.000000000000000000e+00
0.000000000000000000e+00
0.000000000000000000e+00
0.000000000000000000e+00
0.000000000000000000e+00
0.000000000000000000e+00
0.000000000000000000e+00
0.000000000000000000e+00
0.000000000000000000e+00
0.000000000000000000e+00
0.000000000000000000e+00
0.000000000000000000e+00
0.000000000000000000e+00
0.000000000000000000e+00
0.000000000000000000e+00
0.000000000000000000e+00
0.000000000000000000e+00
0.000000000000000000e+00
0.000000000000000000e+00
0.000000000000000000e+00
0.000000000000000000e+00
0.000000000000000000e+00
0.000000000000000000e+00
0.000000000000000000e+00
0.000000000000000000e+00
0.000000000000000000e+00
0.000000000000000000e+00
0.000000000000000000e+00
0.000000000000000000e+00
0.000000000000000000e+00
0.000000000000000000e+00
0.000000000000000000e+00
0.000000000000000000e+00
0.000000000000000000e+00
0.000000000000000000e+00
0.000000000000000000e+00
0.000000000000000000e+00
0.000000000000000000e+00
0.000000000000000000e+00
0.000000000000000000e+00
0.000000000000000000e+00
0.000000000000000000e+00
0.000000000000000000e+00
0.000000000000000000e+00
0.000000000000000000e+00
0.000000000000000000e+00
0.000000000000000000e+00
0.000000000000000000e+00
0.000000000000000000e+00
0.000000000000000000e+00
0.000000000000000000e+00
0.000000000000000000e+00
0.000000000000000000e+00
0.000000000000000000e+00
0.000000000000000000e+00
0.000000000000000000e+00
0.000000000000000000e+00
0.000000000000000000e+00
0.000000000000000000e+00
0.000000000000000000e+00
0.000000000000000000e+00
0.000000000000000000e+00
0.000000000000000000e+00
0.000000000000000000e+00
0.000000000000000000e+00
0.000000000000000000e+00
0.000000000000000000e+00
0.000000000000000000e+00
0.000000000000000000e+00
0.000000000000000000e+00
0.000000000000000000e+00
0.000000000000000000e+00
0.000000000000000000e+00
0.000000000000000000e+00
0.000000000000000000e+00
0.000000000000000000e+00
0.000000000000000000e+00
0.000000000000000000e+00
0.000000000000000000e+00
0.000000000000000000e+00
0.000000000000000000e+00
0.000000000000000000e+00
0.000000000000000000e+00
0.000000000000000000e+00
0.000000000000000000e+00
0.000000000000000000e+00
0.000000000000000000e+00
0.000000000000000000e+00
0.000000000000000000e+00
0.000000000000000000e+00
0.000000000000000000e+00
0.000000000000000000e+00
0.000000000000000000e+00
0.000000000000000000e+00
0.000000000000000000e+00
0.000000000000000000e+00
0.000000000000000000e+00
0.000000000000000000e+00
0.000000000000000000e+00
0.000000000000000000e+00
0.000000000000000000e+00
0.000000000000000000e+00
0.000000000000000000e+00
0.000000000000000000e+00
0.000000000000000000e+00
0.000000000000000000e+00
0.000000000000000000e+00
0.000000000000000000e+00
0.000000000000000000e+00
0.000000000000000000e+00
0.000000000000000000e+00
0.000000000000000000e+00
0.000000000000000000e+00
0.000000000000000000e+00
0.000000000000000000e+00
0.000000000000000000e+00
0.000000000000000000e+00
0.000000000000000000e+00
0.000000000000000000e+00
0.000000000000000000e+00
0.000000000000000000e+00
0.000000000000000000e+00
0.000000000000000000e+00
0.000000000000000000e+00
0.000000000000000000e+00
0.000000000000000000e+00
0.000000000000000000e+00
0.000000000000000000e+00
0.000000000000000000e+00
0.000000000000000000e+00
0.000000000000000000e+00
0.000000000000000000e+00
0.000000000000000000e+00
0.000000000000000000e+00
0.000000000000000000e+00
0.000000000000000000e+00
0.000000000000000000e+00
0.000000000000000000e+00
0.000000000000000000e+00
0.000000000000000000e+00
0.000000000000000000e+00
0.000000000000000000e+00
0.000000000000000000e+00
0.000000000000000000e+00
0.000000000000000000e+00
0.000000000000000000e+00
0.000000000000000000e+00
0.000000000000000000e+00
0.000000000000000000e+00
0.000000000000000000e+00
0.000000000000000000e+00
0.000000000000000000e+00
0.000000000000000000e+00
0.000000000000000000e+00
0.000000000000000000e+00
0.000000000000000000e+00
0.000000000000000000e+00
0.000000000000000000e+00
0.000000000000000000e+00
0.000000000000000000e+00
0.000000000000000000e+00
0.000000000000000000e+00
0.000000000000000000e+00
0.000000000000000000e+00
0.000000000000000000e+00
0.000000000000000000e+00
0.000000000000000000e+00
0.000000000000000000e+00
0.000000000000000000e+00
0.000000000000000000e+00
0.000000000000000000e+00
0.000000000000000000e+00
0.000000000000000000e+00
0.000000000000000000e+00
0.000000000000000000e+00
0.000000000000000000e+00
0.000000000000000000e+00
0.000000000000000000e+00
0.000000000000000000e+00
0.000000000000000000e+00
0.000000000000000000e+00
0.000000000000000000e+00
0.000000000000000000e+00
0.000000000000000000e+00
0.000000000000000000e+00
0.000000000000000000e+00
0.000000000000000000e+00
0.000000000000000000e+00
0.000000000000000000e+00
0.000000000000000000e+00
0.000000000000000000e+00
0.000000000000000000e+00
0.000000000000000000e+00
0.000000000000000000e+00
0.000000000000000000e+00
0.000000000000000000e+00
0.000000000000000000e+00
0.000000000000000000e+00
0.000000000000000000e+00
0.000000000000000000e+00
0.000000000000000000e+00
0.000000000000000000e+00
0.000000000000000000e+00
0.000000000000000000e+00
0.000000000000000000e+00
0.000000000000000000e+00
0.000000000000000000e+00
0.000000000000000000e+00
0.000000000000000000e+00
0.000000000000000000e+00
0.000000000000000000e+00
0.000000000000000000e+00
0.000000000000000000e+00
0.000000000000000000e+00
0.000000000000000000e+00
0.000000000000000000e+00
0.000000000000000000e+00
0.000000000000000000e+00
0.000000000000000000e+00
0.000000000000000000e+00
0.000000000000000000e+00
0.000000000000000000e+00
0.000000000000000000e+00
0.000000000000000000e+00
0.000000000000000000e+00
0.000000000000000000e+00
0.000000000000000000e+00
0.000000000000000000e+00
0.000000000000000000e+00
0.000000000000000000e+00
0.000000000000000000e+00
0.000000000000000000e+00
0.000000000000000000e+00
0.000000000000000000e+00
0.000000000000000000e+00
0.000000000000000000e+00
0.000000000000000000e+00
0.000000000000000000e+00
0.000000000000000000e+00
0.000000000000000000e+00
0.000000000000000000e+00
0.000000000000000000e+00
0.000000000000000000e+00
0.000000000000000000e+00
0.000000000000000000e+00
0.000000000000000000e+00
0.000000000000000000e+00
0.000000000000000000e+00
0.000000000000000000e+00
0.000000000000000000e+00
0.000000000000000000e+00
0.000000000000000000e+00
0.000000000000000000e+00
0.000000000000000000e+00
0.000000000000000000e+00
0.000000000000000000e+00
0.000000000000000000e+00
0.000000000000000000e+00
0.000000000000000000e+00
0.000000000000000000e+00
0.000000000000000000e+00
0.000000000000000000e+00
0.000000000000000000e+00
0.000000000000000000e+00
0.000000000000000000e+00
0.000000000000000000e+00
0.000000000000000000e+00
0.000000000000000000e+00
0.000000000000000000e+00
0.000000000000000000e+00
0.000000000000000000e+00
0.000000000000000000e+00
0.000000000000000000e+00
0.000000000000000000e+00
0.000000000000000000e+00
0.000000000000000000e+00
0.000000000000000000e+00
0.000000000000000000e+00
0.000000000000000000e+00
0.000000000000000000e+00
0.000000000000000000e+00
0.000000000000000000e+00
0.000000000000000000e+00
0.000000000000000000e+00
0.000000000000000000e+00
0.000000000000000000e+00
0.000000000000000000e+00
0.000000000000000000e+00
0.000000000000000000e+00
0.000000000000000000e+00
0.000000000000000000e+00
0.000000000000000000e+00
0.000000000000000000e+00
0.000000000000000000e+00
0.000000000000000000e+00
0.000000000000000000e+00
0.000000000000000000e+00
0.000000000000000000e+00
0.000000000000000000e+00
0.000000000000000000e+00
0.000000000000000000e+00
0.000000000000000000e+00
0.000000000000000000e+00
0.000000000000000000e+00
0.000000000000000000e+00
0.000000000000000000e+00
0.000000000000000000e+00
0.000000000000000000e+00
0.000000000000000000e+00
0.000000000000000000e+00
0.000000000000000000e+00
0.000000000000000000e+00
0.000000000000000000e+00
0.000000000000000000e+00
0.000000000000000000e+00
0.000000000000000000e+00
0.000000000000000000e+00
0.000000000000000000e+00
0.000000000000000000e+00
0.000000000000000000e+00
0.000000000000000000e+00
0.000000000000000000e+00
0.000000000000000000e+00
0.000000000000000000e+00
0.000000000000000000e+00
0.000000000000000000e+00
0.000000000000000000e+00
0.000000000000000000e+00
0.000000000000000000e+00
0.000000000000000000e+00
0.000000000000000000e+00
0.000000000000000000e+00
0.000000000000000000e+00
0.000000000000000000e+00
0.000000000000000000e+00
0.000000000000000000e+00
0.000000000000000000e+00
0.000000000000000000e+00
0.000000000000000000e+00
0.000000000000000000e+00
0.000000000000000000e+00
0.000000000000000000e+00
0.000000000000000000e+00
0.000000000000000000e+00
0.000000000000000000e+00
0.000000000000000000e+00
0.000000000000000000e+00
0.000000000000000000e+00
0.000000000000000000e+00
0.000000000000000000e+00
0.000000000000000000e+00
0.000000000000000000e+00
0.000000000000000000e+00
0.000000000000000000e+00
0.000000000000000000e+00
0.000000000000000000e+00
0.000000000000000000e+00
0.000000000000000000e+00
0.000000000000000000e+00
0.000000000000000000e+00
0.000000000000000000e+00
0.000000000000000000e+00
0.000000000000000000e+00
0.000000000000000000e+00
0.000000000000000000e+00
0.000000000000000000e+00
0.000000000000000000e+00
0.000000000000000000e+00
0.000000000000000000e+00
0.000000000000000000e+00
0.000000000000000000e+00
0.000000000000000000e+00
0.000000000000000000e+00
0.000000000000000000e+00
0.000000000000000000e+00
0.000000000000000000e+00
0.000000000000000000e+00
0.000000000000000000e+00
0.000000000000000000e+00
0.000000000000000000e+00
0.000000000000000000e+00
0.000000000000000000e+00
0.000000000000000000e+00
0.000000000000000000e+00
0.000000000000000000e+00
0.000000000000000000e+00
0.000000000000000000e+00
0.000000000000000000e+00
0.000000000000000000e+00
0.000000000000000000e+00
0.000000000000000000e+00
0.000000000000000000e+00
0.000000000000000000e+00
0.000000000000000000e+00
0.000000000000000000e+00
0.000000000000000000e+00
0.000000000000000000e+00
0.000000000000000000e+00
0.000000000000000000e+00
0.000000000000000000e+00
0.000000000000000000e+00
0.000000000000000000e+00
0.000000000000000000e+00
0.000000000000000000e+00
0.000000000000000000e+00
0.000000000000000000e+00
0.000000000000000000e+00
0.000000000000000000e+00
0.000000000000000000e+00
0.000000000000000000e+00
0.000000000000000000e+00
0.000000000000000000e+00
0.000000000000000000e+00
0.000000000000000000e+00
0.000000000000000000e+00
0.000000000000000000e+00
0.000000000000000000e+00
0.000000000000000000e+00
0.000000000000000000e+00
0.000000000000000000e+00
0.000000000000000000e+00
0.000000000000000000e+00
0.000000000000000000e+00
0.000000000000000000e+00
0.000000000000000000e+00
0.000000000000000000e+00
0.000000000000000000e+00
0.000000000000000000e+00
0.000000000000000000e+00
0.000000000000000000e+00
0.000000000000000000e+00
0.000000000000000000e+00
0.000000000000000000e+00
0.000000000000000000e+00
0.000000000000000000e+00
0.000000000000000000e+00
0.000000000000000000e+00
0.000000000000000000e+00
0.000000000000000000e+00
0.000000000000000000e+00
0.000000000000000000e+00
0.000000000000000000e+00
0.000000000000000000e+00
0.000000000000000000e+00
0.000000000000000000e+00
0.000000000000000000e+00
0.000000000000000000e+00
0.000000000000000000e+00
0.000000000000000000e+00
0.000000000000000000e+00
0.000000000000000000e+00
0.000000000000000000e+00
0.000000000000000000e+00
0.000000000000000000e+00
0.000000000000000000e+00
0.000000000000000000e+00
0.000000000000000000e+00
0.000000000000000000e+00
0.000000000000000000e+00
0.000000000000000000e+00
0.000000000000000000e+00
0.000000000000000000e+00
0.000000000000000000e+00
0.000000000000000000e+00
0.000000000000000000e+00
0.000000000000000000e+00
0.000000000000000000e+00
0.000000000000000000e+00
0.000000000000000000e+00
0.000000000000000000e+00
0.000000000000000000e+00
0.000000000000000000e+00
0.000000000000000000e+00
0.000000000000000000e+00
0.000000000000000000e+00
0.000000000000000000e+00
0.000000000000000000e+00
0.000000000000000000e+00
0.000000000000000000e+00
0.000000000000000000e+00
0.000000000000000000e+00
0.000000000000000000e+00
0.000000000000000000e+00
0.000000000000000000e+00
0.000000000000000000e+00
0.000000000000000000e+00
0.000000000000000000e+00
0.000000000000000000e+00
0.000000000000000000e+00
0.000000000000000000e+00
0.000000000000000000e+00
0.000000000000000000e+00
0.000000000000000000e+00
0.000000000000000000e+00
0.000000000000000000e+00
0.000000000000000000e+00
0.000000000000000000e+00
0.000000000000000000e+00
0.000000000000000000e+00
0.000000000000000000e+00
0.000000000000000000e+00
0.000000000000000000e+00
0.000000000000000000e+00
0.000000000000000000e+00
0.000000000000000000e+00
0.000000000000000000e+00
0.000000000000000000e+00
0.000000000000000000e+00
0.000000000000000000e+00
0.000000000000000000e+00
0.000000000000000000e+00
0.000000000000000000e+00
0.000000000000000000e+00
0.000000000000000000e+00
0.000000000000000000e+00
0.000000000000000000e+00
0.000000000000000000e+00
0.000000000000000000e+00
0.000000000000000000e+00
0.000000000000000000e+00
0.000000000000000000e+00
0.000000000000000000e+00
0.000000000000000000e+00
0.000000000000000000e+00
0.000000000000000000e+00
0.000000000000000000e+00
0.000000000000000000e+00
0.000000000000000000e+00
0.000000000000000000e+00
0.000000000000000000e+00
0.000000000000000000e+00
0.000000000000000000e+00
0.000000000000000000e+00
0.000000000000000000e+00
0.000000000000000000e+00
0.000000000000000000e+00
0.000000000000000000e+00
0.000000000000000000e+00
0.000000000000000000e+00
0.000000000000000000e+00
0.000000000000000000e+00
0.000000000000000000e+00
0.000000000000000000e+00
0.000000000000000000e+00
0.000000000000000000e+00
0.000000000000000000e+00
0.000000000000000000e+00
0.000000000000000000e+00
0.000000000000000000e+00
0.000000000000000000e+00
0.000000000000000000e+00
0.000000000000000000e+00
0.000000000000000000e+00
0.000000000000000000e+00
0.000000000000000000e+00
0.000000000000000000e+00
0.000000000000000000e+00
0.000000000000000000e+00
0.000000000000000000e+00
0.000000000000000000e+00
0.000000000000000000e+00
0.000000000000000000e+00
0.000000000000000000e+00
0.000000000000000000e+00
0.000000000000000000e+00
0.000000000000000000e+00
0.000000000000000000e+00
0.000000000000000000e+00
0.000000000000000000e+00
0.000000000000000000e+00
0.000000000000000000e+00
0.000000000000000000e+00
0.000000000000000000e+00
0.000000000000000000e+00
0.000000000000000000e+00
0.000000000000000000e+00
0.000000000000000000e+00
0.000000000000000000e+00
0.000000000000000000e+00
0.000000000000000000e+00
0.000000000000000000e+00
0.000000000000000000e+00
0.000000000000000000e+00
0.000000000000000000e+00
0.000000000000000000e+00
0.000000000000000000e+00
0.000000000000000000e+00
0.000000000000000000e+00
0.000000000000000000e+00
0.000000000000000000e+00
0.000000000000000000e+00
0.000000000000000000e+00
0.000000000000000000e+00
0.000000000000000000e+00
0.000000000000000000e+00
0.000000000000000000e+00
0.000000000000000000e+00
0.000000000000000000e+00
0.000000000000000000e+00
0.000000000000000000e+00
0.000000000000000000e+00
0.000000000000000000e+00
0.000000000000000000e+00
0.000000000000000000e+00
0.000000000000000000e+00
0.000000000000000000e+00
0.000000000000000000e+00
0.000000000000000000e+00
0.000000000000000000e+00
0.000000000000000000e+00
0.000000000000000000e+00
0.000000000000000000e+00
0.000000000000000000e+00
0.000000000000000000e+00
0.000000000000000000e+00
0.000000000000000000e+00
0.000000000000000000e+00
0.000000000000000000e+00
0.000000000000000000e+00
0.000000000000000000e+00
0.000000000000000000e+00
0.000000000000000000e+00
0.000000000000000000e+00
0.000000000000000000e+00
0.000000000000000000e+00
0.000000000000000000e+00
0.000000000000000000e+00
0.000000000000000000e+00
0.000000000000000000e+00
0.000000000000000000e+00
0.000000000000000000e+00
0.000000000000000000e+00
0.000000000000000000e+00
0.000000000000000000e+00
0.000000000000000000e+00
0.000000000000000000e+00
0.000000000000000000e+00
0.000000000000000000e+00
0.000000000000000000e+00
0.000000000000000000e+00
0.000000000000000000e+00
0.000000000000000000e+00
0.000000000000000000e+00
0.000000000000000000e+00
0.000000000000000000e+00
0.000000000000000000e+00
0.000000000000000000e+00
0.000000000000000000e+00
0.000000000000000000e+00
0.000000000000000000e+00
0.000000000000000000e+00
0.000000000000000000e+00
0.000000000000000000e+00
0.000000000000000000e+00
0.000000000000000000e+00
0.000000000000000000e+00
0.000000000000000000e+00
0.000000000000000000e+00
0.000000000000000000e+00
0.000000000000000000e+00
0.000000000000000000e+00
0.000000000000000000e+00
0.000000000000000000e+00
0.000000000000000000e+00
0.000000000000000000e+00
0.000000000000000000e+00
0.000000000000000000e+00
0.000000000000000000e+00
0.000000000000000000e+00
0.000000000000000000e+00
0.000000000000000000e+00
0.000000000000000000e+00
0.000000000000000000e+00
0.000000000000000000e+00
0.000000000000000000e+00
0.000000000000000000e+00
0.000000000000000000e+00
0.000000000000000000e+00
0.000000000000000000e+00
0.000000000000000000e+00
0.000000000000000000e+00
0.000000000000000000e+00
0.000000000000000000e+00
0.000000000000000000e+00
0.000000000000000000e+00
0.000000000000000000e+00
0.000000000000000000e+00
0.000000000000000000e+00
0.000000000000000000e+00
0.000000000000000000e+00
0.000000000000000000e+00
0.000000000000000000e+00
0.000000000000000000e+00
0.000000000000000000e+00
0.000000000000000000e+00
0.000000000000000000e+00
0.000000000000000000e+00
0.000000000000000000e+00
0.000000000000000000e+00
0.000000000000000000e+00
0.000000000000000000e+00
0.000000000000000000e+00
0.000000000000000000e+00
0.000000000000000000e+00
0.000000000000000000e+00
0.000000000000000000e+00
0.000000000000000000e+00
0.000000000000000000e+00
0.000000000000000000e+00
0.000000000000000000e+00
0.000000000000000000e+00
0.000000000000000000e+00
0.000000000000000000e+00
0.000000000000000000e+00
0.000000000000000000e+00
0.000000000000000000e+00
0.000000000000000000e+00
0.000000000000000000e+00
0.000000000000000000e+00
0.000000000000000000e+00
0.000000000000000000e+00
0.000000000000000000e+00
0.000000000000000000e+00
0.000000000000000000e+00
0.000000000000000000e+00
0.000000000000000000e+00
