1.587637256784736432e+26
1.324757302240166394e+32
8.163392559581284408e+33
1.084440243534867271e+35
1.868511136365287653e+34
8.717524797863812808e+33
7.501573222564285675e+33
2.390654039415986213e+34
1.821574145155876773e+35
1.049339760120635226e+35
2.098150540023781662e+35
1.235133775066584054e+35
3.862837941345872024e+34
2.397459618685425604e+34
1.792755816445309014e+34
2.219733829235646360e+34
3.676956629557539526e+34
2.602810978189564288e+34
1.927032336486775417e+34
1.575736748217019871e+34
5.323774313939229929e+34
6.846527447639168322e+34
4.516010929432343611e+34
4.083501834864411942e+34
1.290810700161753302e+34
6.170915029453739548e+34
4.703571999249288479e+34
2.261223396427630948e+34
1.186770923548903345e+34
7.889242308266233697e+33
5.701436401584252772e+33
3.679841484485275517e+33
2.184986362576447419e+33
1.283329182751498304e+33
8.334325178304087940e+32
5.570880218188065064e+32
3.546798538225649783e+32
2.140116411123161708e+32
1.309433629472090648e+32
8.055855825295128308e+31
5.161450154837061529e+31
3.241351896999728553e+31
1.966674666411340087e+31
1.201866232369705579e+31
7.493154858789508838e+30
4.654642170740220461e+30
2.908712260990185861e+30
1.816069780275517731e+30
1.127740020837279549e+30
7.016031291145927080e+29
4.370457634510383587e+29
2.741269260642968541e+29
1.732455233901327490e+29
1.081809534076569120e+29
6.676511030428770903e+28
4.265244866893073411e+28
2.677234191324884799e+28
1.707678334489733541e+28
1.078690851621541202e+28
6.953824663598607988e+27
4.500171020848823772e+27
2.894855945833019861e+27
1.910263525366165525e+27
1.262984910494980771e+27
9.081332721953614770e+26
5.927629570793386042e+26
3.932209427011740552e+26
2.554162646078196410e+26
1.700923125712949850e+26
1.125371951428493112e+26
1.067352721263435725e+26
8.000710584556612418e+25
6.040505215410501170e+25
4.585940019194582139e+25
3.488523953670709216e+25
4.224634277036418067e+25
3.405231697646890979e+25
2.750833802899078976e+25
2.220781950783369309e+25
1.172790442015746393e+25
1.547867614459456384e+25
1.547867614459456384e+25
1.547867614459456384e+25
1.547867614459456384e+25
1.547867614459456384e+25
3.482779927979157176e+24
3.482779927979157176e+24
3.482779927979157176e+24
3.482779927979157176e+24
3.482779927979157176e+24
3.482779927979157176e+24
3.482779927979157176e+24
2.609924304078563453e+23
2.609924304078563453e+23
2.609924304078563453e+23
2.609924304078563453e+23
2.609924304078563453e+23
2.609924304078563453e+23
0.000000000000000000e+00
0.000000000000000000e+00
