9.538493690765654191e+29 1.881702442016160258e+30 6.888039044747948175e+31 5.885100968650784474e+30 4.682897051759748948e+29 4.405617390161815152e+27 3.569479235800109960e+28 2.573911639677439981e+28 1.056170701690855745e+28 0.000000000000000000e+00
1.881702442016160258e+30 2.779167523859804852e+35 7.210680224333979455e+34 5.452134516565881098e+33 4.048531795969424130e+32 2.169192851688970559e+31 2.314220799392510375e+31 1.742432802849438328e+31 7.305866510264325069e+30 0.000000000000000000e+00
6.888039044747948175e+31 7.210680224333979455e+34 3.131918263422587532e+36 2.093455794421203142e+35 1.609377526949362701e+34 1.087987765815159434e+33 1.918256194397501879e+32 1.951811794863818363e+32 8.926158843896924460e+31 0.000000000000000000e+00
5.885100968650784474e+30 5.452134516565879945e+33 2.093455794421203142e+35 1.373512539657879944e+34 1.050121744215469633e+33 8.491006510588526351e+31 7.384581747219370333e+29 4.742656657984473506e+30 2.633692942040855439e+30 0.000000000000000000e+00
4.682897051759748948e+29 4.048531795969422688e+32 1.609377526949362701e+34 1.050121744215469489e+33 8.021101883076201360e+31 6.664809077756477211e+30 1.674625105995582934e+29 2.652599860075318838e+29 1.626369549826050157e+29 0.000000000000000000e+00
4.405617390161816252e+27 2.169192851688970559e+31 1.087987765815159434e+33 8.491006510588524550e+31 6.664809077756477211e+30 1.581404061486568931e+29 3.348742777727964515e+29 2.497061032025492380e+29 1.039626478694478834e+29 0.000000000000000000e+00
3.569479235800109520e+28 2.314220799392510375e+31 1.918256194397501158e+32 7.384581747219377370e+29 1.674625105995583637e+29 3.348742777727964515e+29 2.977276293477011958e+29 1.986525328390022141e+29 7.894427310575984334e+28 0.000000000000000000e+00
2.573911639677439981e+28 1.742432802849438328e+31 1.951811794863818002e+32 4.742656657984471255e+30 2.652599860075316727e+29 2.497061032025492380e+29 1.986525328390022141e+29 1.310950064167656274e+29 5.184614239348407212e+28 0.000000000000000000e+00
1.056170701690855745e+28 7.305866510264326195e+30 8.926158843896924460e+31 2.633692942040853187e+30 1.626369549826049805e+29 1.039626478694478834e+29 7.894427310575984334e+28 5.184614239348407212e+28 2.046051353951883588e+28 0.000000000000000000e+00
0.000000000000000000e+00 0.000000000000000000e+00 0.000000000000000000e+00 0.000000000000000000e+00 0.000000000000000000e+00 0.000000000000000000e+00 0.000000000000000000e+00 0.000000000000000000e+00 0.000000000000000000e+00 0.000000000000000000e+00
