0.000000000000000000e+00
0.000000000000000000e+00
0.000000000000000000e+00
0.000000000000000000e+00
0.000000000000000000e+00
0.000000000000000000e+00
0.000000000000000000e+00
0.000000000000000000e+00
0.000000000000000000e+00
0.000000000000000000e+00
0.000000000000000000e+00
0.000000000000000000e+00
0.000000000000000000e+00
0.000000000000000000e+00
0.000000000000000000e+00
0.000000000000000000e+00
0.000000000000000000e+00
0.000000000000000000e+00
0.000000000000000000e+00
0.000000000000000000e+00
0.000000000000000000e+00
0.000000000000000000e+00
0.000000000000000000e+00
0.000000000000000000e+00
0.000000000000000000e+00
0.000000000000000000e+00
0.000000000000000000e+00
0.000000000000000000e+00
0.000000000000000000e+00
0.000000000000000000e+00
0.000000000000000000e+00
0.000000000000000000e+00
0.000000000000000000e+00
0.000000000000000000e+00
0.000000000000000000e+00
0.000000000000000000e+00
0.000000000000000000e+00
0.000000000000000000e+00
0.000000000000000000e+00
0.000000000000000000e+00
0.000000000000000000e+00
0.000000000000000000e+00
0.000000000000000000e+00
0.000000000000000000e+00
0.000000000000000000e+00
0.000000000000000000e+00
0.000000000000000000e+00
0.000000000000000000e+00
0.000000000000000000e+00
0.000000000000000000e+00
0.000000000000000000e+00
0.000000000000000000e+00
0.000000000000000000e+00
0.000000000000000000e+00
0.000000000000000000e+00
0.000000000000000000e+00
0.000000000000000000e+00
0.000000000000000000e+00
0.000000000000000000e+00
0.000000000000000000e+00
0.000000000000000000e+00
0.000000000000000000e+00
0.000000000000000000e+00
0.000000000000000000e+00
0.000000000000000000e+00
0.000000000000000000e+00
0.000000000000000000e+00
0.000000000000000000e+00
0.000000000000000000e+00
0.000000000000000000e+00
0.000000000000000000e+00
0.000000000000000000e+00
0.000000000000000000e+00
0.000000000000000000e+00
0.000000000000000000e+00
0.000000000000000000e+00
0.000000000000000000e+00
0.000000000000000000e+00
0.000000000000000000e+00
0.000000000000000000e+00
0.000000000000000000e+00
0.000000000000000000e+00
0.000000000000000000e+00
0.000000000000000000e+00
0.000000000000000000e+00
0.000000000000000000e+00
0.000000000000000000e+00
0.000000000000000000e+00
0.000000000000000000e+00
0.000000000000000000e+00
0.000000000000000000e+00
0.000000000000000000e+00
0.000000000000000000e+00
0.000000000000000000e+00
0.000000000000000000e+00
0.000000000000000000e+00
0.000000000000000000e+00
0.000000000000000000e+00
0.000000000000000000e+00
0.000000000000000000e+00
0.000000000000000000e+00
0.000000000000000000e+00
0.000000000000000000e+00
0.000000000000000000e+00
0.000000000000000000e+00
0.000000000000000000e+00
0.000000000000000000e+00
0.000000000000000000e+00
0.000000000000000000e+00
0.000000000000000000e+00
0.000000000000000000e+00
0.000000000000000000e+00
0.000000000000000000e+00
0.000000000000000000e+00
0.000000000000000000e+00
-4.072602861379265707e-08
-3.796756220602130144e-08
1.142563764470756246e-07
8.649486249804635701e-07
3.528274334209350996e-06
1.148687798885757794e-05
3.250652040875997309e-05
8.255778170347022641e-05
1.901385781161119633e-04
4.114957518825059662e-04
7.993195162331875403e-04
1.440878652321163269e-03
2.386562550852993486e-03
3.610978355158602979e-03
4.944165439348106872e-03
6.030137683787880135e-03
6.364357099192127776e-03
5.492486723308043217e-03
3.195257338535257945e-03
-4.781842763050307905e-05
-3.163289323808704361e-03
-4.759322884175209468e-03
-3.889292962590135561e-03
-8.296159516348476561e-04
2.728430215157977810e-03
4.497609726159521905e-03
3.147951126671143154e-03
-4.728252408563723497e-04
-3.636813531482375062e-03
-3.740360274943896508e-03
-6.090686648048120478e-04
3.035682449469623029e-03
3.814796194617446796e-03
9.232391777494859892e-04
-2.815001339475194618e-03
-3.569273371547020558e-03
-5.121233126095021569e-04
3.060072070330081655e-03
3.160400588525606996e-03
-3.421506119030527453e-04
-3.358664632281288878e-03
-2.281197986605346898e-03
1.573390920638042395e-03
3.399685440965011848e-03
8.844923767543374322e-04
-2.711260561748745235e-03
-2.664850897315481325e-03
9.366730064854516700e-04
3.183113286778129457e-03
9.863770585308907247e-04
-2.567325491791436209e-03
-2.460907111801392821e-03
1.097215339423448675e-03
2.888815819921197649e-03
2.761381282738435239e-04
-2.845925296114260733e-03
-1.818205704645646775e-03
1.725310931437456109e-03
2.310302469606410371e-03
-9.290243491659798489e-04
-2.864238652454255407e-03
-4.237472440064442075e-04
2.511152394296709868e-03
1.305199146050493473e-03
-1.943936496565836034e-03
-1.827593343781957515e-03
1.476915856262242619e-03
2.488700649653136782e-03
-4.394373452770603482e-04
-2.361272074961754449e-03
-1.057535514542816955e-04
2.345889871291183607e-03
7.227623764968988188e-04
-2.155409441979924939e-03
-1.288779807153217190e-03
1.770961405998702906e-03
1.667634437762666481e-03
-1.304578108948996123e-03
-1.778121832600415607e-03
1.066708009051292247e-03
2.057260230736828940e-03
-6.012316015621993904e-04
-2.083018631783692051e-03
2.480539582504776431e-04
2.051598060293598202e-03
3.984725327341602687e-05
-1.974909690290503096e-03
-2.199607566397507742e-04
2.000675197680339048e-03
5.277888608447298732e-04
-1.840741371104571674e-03
-6.653093231402309321e-04
1.745412027274427513e-03
7.874429233055561025e-04
-1.646541324778094456e-03
-8.506565676611577533e-04
1.624485950834925066e-03
9.966154366764252287e-04
-1.487075269659833988e-03
-1.009336509309515569e-03
1.434739739135098375e-03
1.039693438477826701e-03
-1.372618081054151600e-03
-1.017633059710800316e-03
1.389211962616938639e-03
1.075090622475497262e-03
-1.312935635220157391e-03
-1.025943729720235707e-03
1.316290690836562560e-03
1.009664612659985639e-03
-1.290472021849495927e-03
-9.285914384058080624e-04
1.349839629711524058e-03
9.285020562263673069e-04
-1.324510942408211244e-03
-8.399100543028878429e-04
1.363491327769705136e-03
7.888610526360506506e-04
-1.353121833420428688e-03
-6.584911212071201678e-04
1.426206986140913461e-03
6.022746223001464996e-04
-1.422629937862511518e-03
-4.733703941680967925e-04
1.467870421835648252e-03
3.874936392160700338e-04
-1.442998517763819256e-03
-2.159438666945244056e-04
1.488704433702031735e-03
1.081830963669942497e-04
-1.460480543571208122e-03
6.347563209143454368e-05
1.476194015095591994e-03
-1.758356298149378865e-04
-1.402183019618967680e-03
3.673564913833659608e-04
1.380161899288483499e-03
-4.974262295921552147e-04
-1.279651105869275942e-03
6.856167652061507254e-04
1.224318037380023620e-03
-7.962589051244192001e-04
-1.075404379478927305e-03
9.634757309836866537e-04
9.656258057127114049e-04
-1.056743366432572181e-03
-7.725126612151910453e-04
1.197948650926995359e-03
6.293006348027937276e-04
-1.247970228519908881e-03
-4.059425693797639426e-04
1.331290833753499998e-03
2.314261441563302815e-04
-1.318128739478880047e-03
1.932554879444054401e-05
1.339402071013381977e-03
-2.062470085402063897e-04
-1.261587333214142254e-03
4.505192979617202121e-04
1.210057980368614691e-03
-6.171069486671763599e-04
-1.054230137733836456e-03
8.315916672036352368e-04
9.277194645862446099e-04
-9.580830931107004464e-04
-7.080012057534815131e-04
1.116325258495272973e-03
5.289996769652363044e-04
-1.169642460792850525e-03
-2.672195978344512322e-04
1.241937371709674357e-03
5.800265533174812763e-05
-1.202675558144295593e-03
2.180106611416132527e-04
1.181015006956939468e-03
-4.197373337368800333e-04
-1.047904448936696088e-03
6.648188013937370326e-04
9.337543115388958819e-04
-8.148506787888060805e-04
-7.143328897344419694e-04
9.908295585002468465e-04
5.266706760101638870e-04
-1.057114491572788174e-03
-2.537855813691049537e-04
1.135072200117277991e-03
3.535192168007698021e-05
-1.092316580604575345e-03
2.448298088885661646e-04
1.056448990427334310e-03
-4.462661752963251573e-04
-9.024154793594109424e-04
6.846176860022551046e-04
7.651722395857348761e-04
-8.192142754150043542e-04
-5.253759117663075453e-04
9.677368956421737809e-04
3.222081528260061791e-04
-9.946799328044177418e-04
-4.071146927375885979e-05
1.024273569510173853e-03
-1.766378061182838019e-04
-9.291938028711361434e-04
4.413555535545490328e-04
8.403829895123466048e-04
-6.108187475697194040e-04
-6.374213228993551436e-04
7.992010553741030155e-04
4.582505492607222980e-04
-8.689685207393519403e-04
-1.893909590587872487e-04
9.407793013171994760e-04
-2.541727698226550701e-05
-8.844615166349090217e-04
2.958955935300675000e-04
8.283466951290591185e-04
-4.780997909693763723e-04
-6.515010533141401801e-04
6.834618323229155667e-04
4.909896310683077971e-04
-7.728862725393210531e-04
-2.349239850515807504e-04
8.635265278031812458e-04
2.678254895675402528e-05
-8.243747029835451871e-04
2.410692937894937148e-04
7.818355198877704592e-04
-4.241396105591108915e-04
-6.156531983961040927e-04
6.313925322363491115e-04
4.625746002032355753e-04
-7.227729598875821775e-04
-2.121556897970842026e-04
8.134380208662598784e-04
7.929120921306252390e-06
-7.728476791880541140e-04
2.555168853139331772e-04
7.265259251226882002e-04
-4.335761953190078993e-04
-5.561815754512124989e-04
6.327717225137227501e-04
3.984090703863219472e-04
-7.135692792117662815e-04
-1.452666264522558615e-04
7.899308188712442442e-04
-5.939934598941646373e-05
-7.331641771957828025e-04
3.184860083176008260e-04
6.690304322641815174e-04
-4.873784771422654850e-04
-4.822039033764551346e-04
6.708425847410171613e-04
3.100414881689519259e-04
-7.309457480059837475e-04
-4.804817919513871286e-05
7.813957502665500000e-04
-1.594969644170416345e-04
-6.969327687916850858e-04
4.125620570359725685e-04
6.043374845453306551e-04
-5.673215052544455664e-04
-3.925728359473453573e-04
7.273647727902616709e-04
2.003836672661564412e-04
-7.575658075818608424e-04
7.263872978979725621e-05
7.724737144092226181e-04
-2.816729656656901618e-04
-6.514844439724756710e-04
5.239441969529664515e-04
5.233475451499065151e-04
-6.573114719145853671e-04
-2.824600847417390735e-04
7.849411877323511947e-04
6.931297399897480636e-05
-7.760639231984530276e-04
2.119025151895697755e-04
7.470655355399654458e-04
-4.163935358681611332e-04
-5.834449163144369991e-04
6.392248667231536195e-04
4.167275602406540357e-04
-7.412383909690300121e-04
-1.474725093693705490e-04
8.264226819443592142e-04
-8.211060847595120940e-05
-7.698834483946430992e-04
3.634639354368772771e-04
6.909168169695199986e-04
-5.529258217103118905e-04
-4.823634739534460184e-04
7.443612609735907439e-04
2.788320540686562527e-04
-8.033485488820568373e-04
1.258895572216791007e-05
8.360112247504837427e-04
-2.486321938586282475e-04
-7.249928427617306683e-04
5.171551908551021669e-04
5.934697502472764197e-04
-6.772518941228001296e-04
-3.424745007739294863e-04
8.231977891019806029e-04
1.095972535337562598e-04
-8.273529732899296109e-04
1.919074087528202781e-04
7.994028959364222206e-04
-4.192091452663791436e-04
-6.310733027755032441e-04
6.580509120073694488e-04
4.498260686439713792e-04
-7.725411354157208071e-04
-1.651043568295815179e-04
8.592045174819442537e-04
-8.342504786954394922e-05
-7.992002042809309486e-04
3.775643669481671565e-04
7.070184608119341966e-04
-5.769990198482268179e-04
-4.843895496174320785e-04
7.674629863809973940e-04
2.629580347832196382e-04
-8.205985059216869965e-04
4.006289755678912954e-05
8.371205112620121180e-04
-2.847406820452994848e-04
-7.087831005403188479e-04
5.499958691362579269e-04
5.556002852916867114e-04
-7.007435699831598280e-04
-2.893896567535170520e-04
8.252647729118950002e-04
4.482963150150495193e-05
-8.051715996682625625e-04
2.548393009172242210e-04
7.469953945911549705e-04
-4.720147687078110935e-04
-5.540900919495624685e-04
6.854789089964160058e-04
3.517113140714695093e-04
-7.684541934316952609e-04
-6.076779043611555726e-05
8.141114321506269817e-04
-1.832309618812581211e-04
-7.160830313013112148e-04
4.536413387911668489e-04
5.875154847469238502e-04
-6.185270730435329283e-04
-3.433125882590975977e-04
7.595891986105967946e-04
1.125113728633533324e-04
-7.612946343239364007e-04
1.771143736774333688e-04
7.235881070731581179e-04
-3.925335485810317604e-04
-5.531512156290080201e-04
6.070800507718966373e-04
3.692120008355843160e-04
-6.980931067528619747e-04
-9.676032107401583279e-05
7.530000017263785688e-04
-1.341947034746083687e-04
-6.696079891050850689e-04
3.923756056852533455e-04
5.553653350727377237e-04
-5.511033887198725327e-04
-3.295636153970179605e-04
6.873113807944657497e-04
1.155936957323999031e-04
-6.907639748686093947e-04
1.544348834031713396e-04
6.566237257273746302e-04
-3.534129476031865622e-04
-4.968057545165154671e-04
5.506765598782257555e-04
3.254381249666087267e-04
-6.298604618325062557e-04
-7.219508194389305945e-05
6.746513841841999311e-04
-1.387998626597611404e-04
-5.891950621497657340e-04
3.725122974078111339e-04
4.768822373274030969e-04
-5.091178200935199058e-04
-2.626139691011019120e-04
6.226268399785755579e-04
6.461720594141377868e-05
-6.101537769442805020e-04
1.808421520756183616e-04
5.640288712817798523e-04
-3.533925159648067488e-04
-4.030100596610860543e-04
5.197732151854926467e-04
2.372983693104731707e-04
-5.716249552188559053e-04
-1.728433803316373533e-06
5.908428240310663153e-04
-1.855468882596509478e-04
-4.896397111572871851e-04
3.865943641602022428e-04
3.689285589212295863e-04
-4.896351147474779959e-04
-1.601195367528001820e-04
5.674747299593866593e-04
-2.321248303803983149e-05
-5.261832542736355131e-04
2.409692074999432833e-04
4.569644661857583156e-04
-3.801582567282894127e-04
-2.865269750109712124e-04
5.062774038684604485e-04
1.220782764508292347e-04
-5.202723581708462892e-04
9.632274275758374057e-05
5.039287520296624511e-04
-2.566561629835759258e-04
-3.786473510256697624e-04
4.190946797106259551e-04
2.440432845859835979e-04
-4.808533403577942475e-04
-3.830769413233261746e-05
5.150531886631960852e-04
-1.294086069007552558e-04
-4.377621476591189958e-04
3.159473689696539454e-04
3.403074761852681708e-04
-4.163297064189853784e-04
-1.577258716065253156e-04
4.962050093039391263e-04
-5.341068398911965137e-06
-4.666911205385929225e-04
2.042177295969335412e-04
4.106948183074095944e-04
-3.334012403853265955e-04
-2.591867934223148905e-04
4.524317080514043380e-04
1.110275794236838032e-04
-4.682391410523443522e-04
8.923908710433001905e-05
4.555530905271911379e-04
-2.371640403951137622e-04
-3.407985396103972307e-04
3.877156004860958624e-04
2.161550996297846128e-04
-4.446532688406075852e-04
-2.455967356402815444e-05
4.751233978004925089e-04
-1.320954619339541022e-04
-4.008604316723217019e-04
3.057564148034548407e-04
3.067396222022909834e-04
-3.981831964904501372e-04
-1.329224410363349202e-04
4.697876600999089172e-04
-2.259230475622059489e-05
-4.378033624356884044e-04
2.102730367943813413e-04
3.795501797741454228e-04
-3.311691770209175371e-04
-2.315283710141054208e-04
4.400450672557886856e-04
8.669120615375395329e-05
-4.501229282747022881e-04
1.054340032972059265e-04
4.312480781050887098e-04
-2.465344966412077272e-04
-3.156750517627214580e-04
3.869937010688300773e-04
1.903997678955543038e-04
-4.367972649274155621e-04
-3.585711828181433563e-06
4.587353021741914761e-04
-1.484576706398181253e-04
-3.805569790538999571e-04
3.131566787450946153e-04
2.826387773479406692e-04
-3.982658296115829588e-04
-1.105789790226792212e-04
4.602085621795395562e-04
-4.261248892324239840e-05
-4.222694047125320066e-04
2.228586297139801653e-04
3.578582164916864635e-04
-3.368496447316511101e-04
-2.090776593202315530e-04
4.356051852775597749e-04
6.449390408501867581e-05
-4.383260907056069295e-04
1.217455260792018018e-04
4.114471719906087730e-04
-2.565403025206993890e-04
-2.929426082855406187e-04
3.866798368260816439e-04
1.660064275065049780e-04
-4.279635468094980261e-04
1.646166177036944390e-05
4.401840811584953285e-04
-1.628650648537655803e-04
-3.569020623482446557e-04
3.170911000177391846e-04
2.552905728287887741e-04
-3.924932704986867069e-04
-8.585324935605536864e-05
4.428795455580852793e-04
-6.257124296275720730e-05
-3.974205297059181258e-04
2.323541789649211347e-04
3.268980533628483196e-04
-3.355134197926890657e-04
-1.785277849500430548e-04
4.207521760946917656e-04
3.730845795886375896e-05
-4.131963236278245232e-04
1.389516248004806452e-04
3.772160935410337392e-04
-2.621267156346194930e-04
-2.561648156493556423e-04
3.768856244363125337e-04
1.303287394966177798e-04
-4.049392637727025667e-04
4.350580018103109963e-05
4.045419549899359414e-04
-1.782505236235717983e-04
-3.149318415782959945e-04
3.157253929437300616e-04
2.110935427375985223e-04
-3.750867293284404209e-04
-4.777303484210052991e-05
4.063289631990142170e-04
-1.456004116601128059e-04
-3.070124403230106453e-04
3.248618756539354484e-04
1.537498918796624439e-04
-3.831164910238173322e-04
6.802567594794976704e-05
3.635341642806247408e-04
-2.387828286825323084e-04
-2.154914282891549828e-04
3.691895577254427794e-04
3.885568052243275756e-05
-3.669433080319218555e-04
1.737204746274814790e-04
2.913186900608706869e-04
-3.062781183562750817e-04
-1.081710961801775968e-04
3.794563741645520642e-04
-7.378462897573104674e-05
-3.178931546176647820e-04
2.597450381989948849e-04
1.966805918393668153e-04
-3.421783979899679158e-04
4.825947041003558913e-06
3.550999100676981179e-04
-1.737308553676450190e-04
-2.409619636871676487e-04
3.182676530166344262e-04
8.877563443888756417e-05
-3.435215509535491200e-04
1.127538222356091715e-04
2.989392168790174767e-04
-2.517178266159355205e-04
-1.439452722816374002e-04
3.441874598474924715e-04
-2.186233651349091963e-05
-3.108761145279058998e-04
2.053494656795007271e-04
2.170193062319299409e-04
-3.006720936352003798e-04
-3.663889225653029500e-05
3.356463485526362889e-04
-1.244391478431614386e-04
-2.481165766214112034e-04
2.738392827283340765e-04
1.178546894019947335e-04
-3.163455447085811319e-04
7.017760309091155017e-05
2.941317180790759575e-04
-2.089250475143937828e-04
-1.620501197371472079e-04
3.118029756678790832e-04
1.167014252701508066e-05
-2.977774489328452088e-04
1.657257862307170634e-04
2.244252537410732851e-04
-2.670930808628236381e-04
-6.186017953734148983e-05
3.159747973404653074e-04
-9.056641587163311014e-05
-2.476103803308513356e-04
2.404500106888260891e-04
1.343023046803519006e-04
-2.935994590901875971e-04
4.178019075443201511e-05
2.867303990628114019e-04
-1.783675967650756914e-04
-1.718029817513360216e-04
2.870679826154398152e-04
3.362241424047946061e-05
-2.864177643304768048e-04
1.379131139869480330e-04
2.278585306070859376e-04
-2.428178154405645083e-04
-7.891398513929053220e-05
3.012308338699979954e-04
-6.671107385367594728e-05
-2.469926361610730076e-04
2.164213294538320880e-04
1.462241600119043897e-04
-2.774709116126111209e-04
2.071269360687946903e-05
2.820080603263979443e-04
-1.558750286411703621e-04
-1.802290728406097766e-04
2.691382492903253453e-04
5.116133019419425273e-05
-2.791940306617764190e-04
1.160737401406288237e-04
2.322397131634215976e-04
-2.244129054145554828e-04
-9.409683786841336456e-05
2.908798843216927688e-04
-4.659658195535955897e-05
-2.485790607518955047e-04
1.967637252025967586e-04
1.581064951904026061e-04
-2.652125035931568887e-04
1.444667140806836714e-06
2.798853858457708691e-04
-1.361505447689649671e-04
-1.897166818593567757e-04
2.540572878203412608e-04
6.835500316701597127e-05
-2.742519396408017317e-04
9.548583981706654092e-05
2.379930352997321143e-04
-2.075579861196266891e-04
-1.097665892971511488e-04
2.818818317566453772e-04
-2.657916675543668973e-05
-2.511032193502088115e-04
1.773537648143764568e-04
1.705429976453220749e-04
-2.530776157202671876e-04
-1.828349889983238677e-05
2.776980919460956990e-04
-1.157610899855399122e-04
-1.991455302028004922e-04
2.379736400817188764e-04
8.582900726342374345e-05
-2.681126902131306653e-04
7.397228425429034227e-05
2.426894583362377308e-04
-1.891033377946127383e-04
-1.249947913083323799e-04
2.708230214523911386e-04
-6.034047233368111074e-06
-2.515738389076789452e-04
1.563321953102774387e-04
1.815255187116798720e-04
-2.384437376411771916e-04
-3.769966484408441448e-05
2.726101553027336795e-04
-9.425225709035064080e-05
-2.060095524839993582e-04
2.193645463654275598e-04
1.018293643107057384e-04
-2.584840890609411989e-04
5.226416236715253930e-05
2.437520489555622806e-04
-1.685662192343343119e-04
-1.374116865891809793e-04
2.561028730851639757e-04
1.338388566782363840e-05
-2.476120669609501042e-04
1.342260138711879832e-04
1.884034592049126664e-04
-2.206029195972655235e-04
-5.444945149012839854e-05
2.628750463370745105e-04
-7.315196960001657317e-05
-2.078840389777513147e-04
1.987002185581491229e-04
1.137550859687553326e-04
-2.447404378830112816e-04
3.266512115379052484e-05
2.395774157521796046e-04
-1.475739891051662523e-04
-1.447326309912801503e-04
2.383818132910949991e-04
2.915668727954498862e-05
-2.387617291222835858e-04
1.133862325461555513e-04
1.897029835517411171e-04
-2.012057778176403020e-04
-6.632700705129185943e-05
2.491022656403123333e-04
-5.494169857499537767e-05
-2.042003891212427992e-04
1.781296401803956890e-04
1.200159316453632273e-04
-2.282039273524446828e-04
1.736930903697759380e-05
2.304242722549957711e-04
-1.283742472715914415e-04
-1.461248189415704536e-04
2.195180046304103752e-04
3.958679430736446723e-05
-2.260866456518314681e-04
9.599180869035405775e-05
1.854903043873478070e-04
-1.825067448362547435e-04
-7.236491532676406408e-05
2.331414476635426517e-04
-4.142369108394990622e-05
-1.959874462881344107e-04
1.599921531827116009e-04
1.206021110267920166e-04
-2.112113949276591188e-04
7.502048517807737441e-06
2.181224811384005610e-04
-1.129383149830798022e-04
-1.424797416321444386e-04
2.018360370136117361e-04
4.443972513410133715e-05
-2.117304868157142666e-04
8.327635027801459492e-05
1.772547242368665307e-04
-1.663537355142697674e-04
-7.309046397412261064e-05
2.170326844792281847e-04
-3.305098295848657577e-05
-1.849890158170449804e-04
1.455702670249532323e-04
1.165953724811809403e-04
-1.955564142651900730e-04
2.869418778329958868e-06
2.045563908975406254e-04
-1.020192550207090724e-04
-1.353193090594730921e-04
1.868943528356333537e-04
4.449873968427408384e-05
-1.976523874921695472e-04
7.545360350962039520e-05
1.668955023794213414e-04
-1.539079617912533044e-04
-6.984499694622373967e-05
2.026054306783933549e-04
-2.937033022667070355e-05
-1.732455314899771501e-04
1.353929789346997080e-04
1.097585006891010347e-04
-1.825825441046867968e-04
2.380987731866803347e-06
1.915404345260107938e-04
-9.537371596922284279e-05
-1.264905038156311856e-04
1.753179561906483637e-04
4.128340362957628616e-05
-1.851671903022688410e-04
7.166768854513490630e-05
1.561137380340960371e-04
-1.451528141108561303e-04
-6.430921112642481151e-05
1.906935243152809421e-04
-2.913382344070031071e-05
-1.622229142973295030e-04
1.289747387210106748e-04
1.018131844927730375e-04
-1.726883674160337927e-04
4.530068292977746870e-06
1.802663255606125109e-04
-9.209602193830855826e-05
-1.176454263330323566e-04
1.670285699084791877e-04
3.648001562868959585e-05
-1.750156753694232458e-04
7.059858669437787124e-05
1.462700273367106613e-04
-1.394095377710365298e-04
-5.813782992481669797e-05
1.813755078442418425e-04
-3.073895771634653165e-05
-1.527090817145123041e-04
1.250932588640378746e-04
9.409445147296915501e-05
-1.652728106169352562e-04
7.735402293876731869e-06
1.708873509279785628e-04
-9.072030931986096991e-05
-1.096372372898624087e-04
1.610270027012300834e-04
3.140185532684782062e-05
-1.668879793330509099e-04
7.083005942348876468e-05
1.377860895226557664e-04
-1.355400327236634531e-04
-5.231961988782152570e-05
1.740715680819662141e-04
-3.293664080971763088e-05
-1.447840328872899930e-04
1.225813082021225933e-04
8.726757847673209537e-05
-1.595241769547910973e-04
1.093327563270094402e-05
1.631113369430575656e-04
-9.004234690067234811e-05
-1.027484109464427814e-04
1.562290768926066190e-04
2.684031976349331974e-05
-1.600581671830833812e-04
7.122061730266761347e-05
1.304573439845139972e-04
-1.322984350687053591e-04
-4.723991437699906379e-05
1.677242043245778282e-04
-3.484641258610919644e-05
-1.378437209199885702e-04
1.203003913970488689e-04
8.129658616666056816e-05
-1.543501558436575160e-04
1.362938635488947835e-05
1.561458546887282961e-04
-8.922318217473331598e-05
-9.665201454219612390e-05
1.516880283581787357e-04
2.294716170317008587e-05
-1.537216232798211475e-04
7.122954200959960179e-05
1.237786096849254091e-04
-1.289218500572396266e-04
-4.278550279124953019e-05
1.615129154002456166e-04
-3.618100155307386352e-05
-1.311971126034120524e-04
1.175978486273277038e-04
7.578694555078378467e-05
-1.488818931119866419e-04
1.579745766589967605e-05
1.490996740000862691e-04
-8.780856339888346495e-05
-9.066176943980801576e-05
1.466122119844250071e-04
1.940024810111005423e-05
-1.469553263766423920e-04
7.074037214022684103e-05
1.169072551144354876e-04
-1.249378559570567661e-04
-3.837159130952329364e-05
1.547436949304231756e-04
-3.720768018153675668e-05
-1.240977985956122343e-04
1.144128472982464183e-04
7.006228954167001248e-05
-1.427922106952097170e-04
1.792827728132855223e-05
1.414555611778074771e-04
-8.604720695212013880e-05
-8.418578955129053939e-05
1.409650324724258472e-04
1.564185068133990610e-05
-1.394521910188802440e-04
7.013294181299541564e-05
1.093365121301787305e-04
-1.204575413215351251e-04
-3.344800557137954844e-05
1.472224123337164271e-04
-3.837491076438532509e-05
-1.161319972057146810e-04
1.109681173665421022e-04
6.359668264219372742e-05
-1.360634194656019436e-04
2.052355035617424168e-05
1.329786219470958887e-04
-8.433801897294531693e-05
-7.683626958669821465e-05
1.349829509086855769e-04
1.119374882006686281e-05
-1.312776229602077350e-04
6.990656356464028528e-05
1.009395995728030717e-04
-1.159426121676856519e-04
-2.770744123002426569e-05
1.392836950653829635e-04
-4.013287489450895976e-05
-1.074416122797064855e-04
1.077514723517855393e-04
5.630207414814311455e-05
-1.291276765534065448e-04
2.384482618356031374e-05
1.239281896932640636e-04
-8.304320404350677904e-05
-6.867898656873064941e-05
1.290114465357158490e-04
5.951740578795274723e-06
-1.226871562953808390e-04
7.027545926824603343e-05
9.184853989061976510e-05
-1.116693529770744129e-04
-2.114939529102955072e-05
1.312059343097446581e-04
-4.262509042506027471e-05
-9.825702846461527242e-05
1.050384105054887523e-04
4.829908700113522493e-05
-1.223568169249501640e-04
2.793997492724921270e-05
1.146822956886507400e-04
-8.242094656008832699e-05
-6.001576070725731806e-05
1.234489890308661448e-04
2.758454235182024804e-08
-1.141590264360841593e-04
7.133793120275635515e-05
8.249918497001396654e-05
-1.079209591281814960e-04
-1.407164948308157363e-05
1.233814719594530083e-04
-4.572601261572318605e-05
-8.900115083545992337e-05
1.028721873998027480e-04
3.996792683707032031e-05
-1.159386620886513334e-04
3.253052766696681766e-05
1.055448907835398851e-04
-8.232640957344038678e-05
-5.120418432094220302e-05
1.183327592397976643e-04
-6.250556542784151800e-06
-1.059267632923782931e-04
7.287727829832734946e-05
7.321619194838432302e-05
-1.046919625430342413e-04
-6.822252265274026009e-06
1.159923949486260327e-04
-4.918390175928362505e-05
-8.000355380724200819e-05
1.011765116518128723e-04
3.169411804218069705e-05
-1.099998227877912701e-04
3.728868260072256113e-05
9.679257478487096221e-05
-8.255341086618278547e-05
-4.260829181365837734e-05
1.136157358609875571e-04
-1.249000753061316784e-05
-9.807752901268514177e-05
7.455109954226654472e-05
6.423826291208341126e-05
-1.017250200061981338e-04
2.430067237929722617e-07
1.089235482616862953e-04
-5.262256571083016204e-05
-7.135202051658901489e-05
9.962038664500577818e-05
2.369085423489749435e-05
-1.043465597856217534e-04
4.191805383013806787e-05
8.840400850604374528e-05
-8.282537667269671672e-05
-3.436096289382055484e-05
1.091315092775368723e-04
-1.847594055217897227e-05
-9.059623523854447552e-05
7.615527856893661361e-05
5.567205991947366434e-05
-9.888016443818622764e-05
6.953652386744284343e-06
1.021515288940598736e-04
-5.582780248309358612e-05
-6.310920518509242243e-05
9.802089346573947650e-05
1.611763406099137239e-05
-9.885504912042872739e-05
4.618047793631098545e-05
8.033094423051927863e-05
-8.288633948728548416e-05
-2.655363244114146426e-05
1.046386161457598166e-04
-2.401926803694660615e-05
-8.334055526168787783e-05
7.743779963348767733e-05
4.750496982731234843e-05
-9.591774001273713354e-05
1.320229811123013401e-05
9.551926679006118501e-05
-5.863030103055547634e-05
-5.523063365347468003e-05
9.622217523804552487e-05
9.029988674435996806e-06
-9.341686835882230869e-05
4.998242222881440859e-05
7.256243585681730005e-05
-8.262092879555783039e-05
-1.922706155177864528e-05
1.000627117415414142e-04
-2.902352386228192600e-05
-7.627822893576532786e-05
7.825891751322520821e-05
3.975374586132663670e-05
-9.269824336058749969e-05
1.888306631401637662e-05
8.889529765991155234e-05
-6.086264365627542188e-05
-4.765640437494897755e-05
9.400396389391604672e-05
2.466732447804718671e-06
-8.782644043646619725e-05
5.318910857961310304e-05
6.496288320392573114e-05
-8.184560364200003284e-05
-1.234007554519058531e-05
9.522923861017617913e-05
-3.344589328511006211e-05
-6.927516997101805789e-05
7.854294308594884726e-05
3.236402176873276210e-05
-8.912782738465860463e-05
2.401441567422546566e-05
8.222695332726559438e-05
-6.251094486695393413e-05
-4.034890116030851229e-05
9.133274183174551301e-05
-3.587541671713078950e-06
-8.204487082188023856e-05
5.576120158637379087e-05
5.749457081289031766e-05
-8.050051890082917056e-05
-5.886958186093001113e-06
9.003274092887835844e-05
-3.724128017547748192e-05
-6.222294689242781731e-05
7.816576833237148868e-05
2.528180574649570254e-05
-8.505253351489994065e-05
2.858542283303248802e-05
7.536426394507820170e-05
-6.349982310258544876e-05
-3.318927390610472379e-05
8.809461447301935601e-05
-9.182939926444034134e-06
-7.594950438844244470e-05
5.772061659367789957e-05
5.006173107293686894e-05
-7.856852794752911592e-05
2.258795237954506510e-07
8.444129335769280631e-05
-4.048276181842471919e-05
-5.507002699920410764e-05
7.717380346902933384e-05
1.842774097393087233e-05
-8.048814089752555920e-05
3.266287650935276263e-05
6.826400363284980811e-05
-6.387410458373299598e-05
-2.610907957129950083e-05
8.427243777508863613e-05
-1.439191924075252750e-05
-6.946537656880800971e-05
5.909664686844261824e-05
4.255939695980116779e-05
-7.602116215593511918e-05
6.102122921869423434e-06
7.838876340838359590e-05
-4.324736630600582661e-05
-4.770793550514850834e-05
7.562569923568382142e-05
1.168051293898957201e-05
-7.544615408001520819e-05
3.639565125589309908e-05
6.091106454497848612e-05
-6.378380240441108601e-05
-1.902780262643892332e-05
8.001648720359277802e-05
-1.935933291199025429e-05
-6.269014377004649774e-05
6.008060504375022993e-05
3.499872994535320480e-05
-7.306417641163589995e-05
1.180677179800894441e-05
7.203172297032045318e-05
-4.567817782959429689e-05
-4.022666820241737234e-05
7.368372376037237304e-05
5.041534823730841771e-06
-7.006792517741226595e-05
3.984299270262819134e-05
5.340787551967842226e-05
-6.332393702920287694e-05
-1.199274796220633097e-05
7.545734956026268635e-05
-2.409379704042324615e-05
-5.574242777569422374e-05
6.076763013103156472e-05
2.747967520629822054e-05
-6.983338747977526934e-05
1.732228279253607316e-05
6.556159817630303728e-05
-4.783903643908713371e-05
-3.279073762157941980e-05
7.152484344285956971e-05
-1.392814727325186944e-06
-6.458071419021449064e-05
4.301718494622575864e-05
4.598267658861513861e-05
-6.261183576452700324e-05
-5.189482686488412023e-06
7.078363114102163703e-05
-2.850715451669250466e-05
-4.884896710581301165e-05
6.114964698788757458e-05
2.020388670349080007e-05
-6.640533252526913230e-05
2.247607447766635690e-05
5.911009529460882120e-05
-4.961882050839863602e-05
-2.557400741612076664e-05
6.912339885596371447e-05
-7.437068523094873380e-06
-5.904231065382328477e-05
4.579010177470042977e-05
3.877417504783999105e-05
-6.158193954640644703e-05
1.231483047022735425e-06
6.604280445785458105e-05
-3.245557488988858291e-05
-4.212461318069167250e-05
6.118093712652932447e-05
1.333510951494563522e-05
-6.280645785765689342e-05
2.713617442110364780e-05
5.278839126390787986e-05
-5.092881041520098181e-05
-1.873373965230017423e-05
6.645748727672205519e-05
-1.293623821374551048e-05
-5.350285775976991356e-05
4.801135006031764546e-05
3.187036788850647426e-05
-6.012645685461014556e-05
7.123298003893345859e-06
6.116726885926204857e-05
-3.578169587237820892e-05
-3.558946306237167168e-05
6.069766568176132620e-05
6.943741166953249760e-06
-5.893158177320217224e-05
3.118453197086815191e-05
4.654688137209861371e-05
-5.164183902746597587e-05
-1.227628590120840239e-05
6.344375754696334640e-05
-1.783183988247726890e-05
-4.792102808684724425e-05
4.963529587949675408e-05
2.528174204137982657e-05
-5.820435331959408878e-05
1.247413861639749904e-05
5.615107061811761398e-05
-3.844471297619004305e-05
-2.923606540642527364e-05
5.968203837796819789e-05
1.051755335696953434e-06
-5.475738281190881113e-05
3.459441108209645132e-05
4.036438486325733368e-05
-5.171945774583587541e-05
-6.201461440963485294e-06
6.001443219092762320e-05
-2.210773223504695299e-05
-4.224542523367142181e-05
5.060719988631942243e-05
1.895864070820906289e-05
-5.577957962285428646e-05
1.729591138589104137e-05
5.093365027997136517e-05
-4.047101994952481945e-05
-2.303357290409775265e-05
5.813608543330303088e-05
-4.388986079439864884e-06
-5.030358011238615689e-05
3.741959911737669680e-05
3.424269737701597936e-05
-5.123239522484973472e-05
-4.862177314554301838e-07
5.624211161437040304e-05
-2.580821671610909927e-05
-3.652900782472850424e-05
5.100853381623634875e-05
1.293014263939502257e-05
-5.291571087591181012e-05
2.160581448347265117e-05
4.558046847556730642e-05
-4.188245348657809248e-05
-1.701154384516166408e-05
5.609507503939222532e-05
-9.356890941226630656e-06
-4.560165861183418417e-05
3.965551975177322188e-05
2.821135342708599623e-05
-5.020711707436317962e-05
4.846641913906225514e-06
5.215756203311910298e-05
-2.895495695871645657e-05
-3.082065607738302678e-05
5.086698669776527193e-05
7.215276619833298491e-06
-4.970559335896202743e-05
2.539922057326963583e-05
4.016413694966349343e-05
-4.275521961862157396e-05
-1.124991949215309236e-05
5.364604896475219610e-05
-1.384133204412854289e-05
-4.077709665128702332e-05
4.132198201573943666e-05
2.236645317067153304e-05
-4.871459593929707737e-05
9.724500087025318473e-06
4.784509890871823843e-05
-3.151186891280882127e-05
-2.520938060667212376e-05
5.018139029229147957e-05
1.904761823667636729e-06
-4.616777448204862299e-05
2.861017784116186681e-05
3.474686378861214614e-05
-4.303674033802663449e-05
-5.808078856447070645e-06
5.079243432665890470e-05
-1.776974236296678607e-05
-3.585460552781639829e-05
4.238777656998565682e-05
1.677196587468419105e-05
-4.675897230412296568e-05
1.409552306664784765e-05
4.335257473922033501e-05
-3.346001802980611098e-05
-1.976041661964182141e-05
4.896453754835459809e-05
-2.952792599963987303e-06
-4.235438928338637062e-05
3.119924419483349336e-05
2.938193651284836888e-05
-4.272819595904934277e-05
-7.528207580702867251e-07
4.753336594771748251e-05
-2.110417753578942775e-05
-3.086012063136439392e-05
4.279488660146999910e-05
1.144039044268071340e-05
-4.430361579264734172e-05
1.791780832492783726e-05
3.864354985055835695e-05
-3.475855772489559921e-05
-1.445561025189946021e-05
4.717829128499194375e-05
-7.363312582467545655e-06
-3.822463898938873708e-05
3.317920699951318802e-05
2.404065007462089380e-05
-4.183529525917639014e-05
3.962904494514478699e-06
4.389238108310016098e-05
-2.388948862644143690e-05
-2.578391276793264510e-05
4.262268485481892553e-05
6.353227071838167109e-06
-4.140120584522082492e-05
2.126365161273018690e-05
3.376150621495277243e-05
-3.548349962108792225e-05
-9.286952699088915403e-06
4.490107992702298338e-05
-1.136597670816359838e-05
-3.382773674356595492e-05
3.460908223959255039e-05
1.873274585822842312e-05
-4.042247386761939945e-05
8.357871317048095466e-06
3.991248146019084792e-05
-2.618481614648745425e-05
-2.065968906918630977e-05
4.193645033218089461e-05
1.494343478384923101e-06
-3.814598301126250634e-05
2.417165474673674345e-05
2.876564338057699773e-05
-3.574482676421686378e-05
-4.295746521987712303e-06
4.225286893941534349e-05
-1.500660853393421970e-05
-2.930541214129985615e-05
3.558384855250444081e-05
1.354706430855036133e-05
-3.864825175043451125e-05
1.240228734615401121e-05
3.575740421538278752e-05
-2.804247768175238236e-05
-1.562497796949583649e-05
4.085184731355018001e-05
-3.053098689737129838e-06
-3.467723782693243038e-05
2.663078813762678713e-05
2.380596021617398491e-05
-3.557552041261489518e-05
4.072896147009740986e-07
3.933178991886229493e-05
-1.820827451348245386e-05
-2.476569354956035645e-05
3.610939117909353499e-05
8.602861688238664427e-06
-3.656993288637881809e-05
1.601941697522752973e-05
3.154363424945058668e-05
-2.943764523566725348e-05
-1.080336305626133381e-05
3.941943734966226007e-05
-7.190483502920882886e-06
-3.109993101701271262e-05
2.860880537914301615e-05
1.901344180701143883e-05
-3.501473546063795455e-05
4.708715985124694454e-06
3.623393440092622536e-05
-2.089432928043941562e-05
-2.032983964452645466e-05
3.616384821804232569e-05
4.024893526211143096e-06
-3.421258896488190722e-05
1.911260878812803230e-05
2.734287905295946239e-05
-3.029895514758568513e-05
-6.287580239300208539e-06
3.761775138357515357e-05
-1.080039691724029108e-05
-2.742019584930865557e-05
3.001763584704280786e-05
1.444922058676535399e-05
-3.399064052088142916e-05
8.549473737040980269e-06
3.296017800748785574e-05
-2.298844776073438479e-05
-1.602073287013168292e-05
3.571984262304497566e-05
-1.155738993965035514e-07
-3.155463898150245833e-05
2.163838480830975757e-05
2.318394641335240613e-05
-3.058102114206638682e-05
-2.094904713755656828e-06
3.545315622273222724e-05
-1.384111476146220131e-05
-2.364863361778985263e-05
3.082841848783162472e-05
1.014819951598775278e-05
-3.246040033227654275e-05
1.189803845969904201e-05
2.947565392610699769e-05
-2.445015972140857907e-05
-1.181046802823843417e-05
3.473749611110211306e-05
-3.826317818680184556e-06
-2.856147285303117138e-05
2.357794683881243408e-05
1.902927491922887533e-05
-3.025860689128559577e-05
1.800967416917424306e-06
3.287736412680945791e-05
-1.636349228161593903e-05
-1.975126302382347306e-05
3.108166465779240280e-05
6.049408538895802035e-06
-3.048630919773027457e-05
1.479688276754170849e-05
2.578878717715403111e-05
-2.536018291163274742e-05
-7.693014147002832947e-06
3.326300560383680158e-05
-7.198594961529584299e-06
-2.529710427868943153e-05
2.502432131194922172e-05
1.488182820588103465e-05
-2.945524486108603277e-05
5.403446334412493562e-06
2.995601011531254791e-05
-1.842633628995740124e-05
-1.576494185382789395e-05
3.083588131136363495e-05
2.113665162318026381e-06
-2.815760284963101927e-05
1.731369418365480528e-05
2.196819188251290724e-05
-2.582939211930719120e-05
-3.723583782914262008e-06
3.139883567001189486e-05
-1.024292427703366245e-05
-2.185305892678631457e-05
2.604681848033927770e-05
1.077452013574589278e-05
-2.832048407726736922e-05
8.725122788585931423e-06
2.686020721711418190e-05
-2.011084553168803290e-05
-1.185710060540909311e-05
3.019954324834134458e-05
-1.566572312269655798e-06
-2.560167989661027533e-05
1.944634098841474342e-05
1.812680377127001298e-05
-2.595084188400330056e-05
8.414094945886748215e-09
2.930311059824869266e-05
-1.289620491217277895e-05
-1.840676710500997900e-05
2.661961929199472399e-05
6.867194706047174801e-06
-2.686584771558804828e-05
1.167760691506780033e-05
2.365674837969798338e-05
-2.140310985149470658e-05
-8.129379718080230910e-06
2.924925751197857566e-05
-4.857182139060034689e-06
-2.293439510151178755e-05
2.108748400066563967e-05
1.439690567399307742e-05
-2.565892120753882015e-05
3.425888570533778069e-06
2.700865401867442217e-05
-1.512627188042326912e-05
-1.504398117900113322e-05
2.679316172124438671e-05
3.322423596893139693e-06
-2.512911887986239143e-05
1.411931506174334676e-05
2.041883758772417435e-05
-2.216150324911587554e-05
-4.593342526915836613e-06
2.795314376300679713e-05
-7.720963801424954461e-06
-2.017111035791484394e-05
2.223134473674830421e-05
1.090800542762098515e-05
-2.488255518240116396e-05
6.400148722497123064e-06
2.445159819481272200e-05
-1.678650037902037868e-05
-1.166481508446202575e-05
2.651129956781840788e-05
8.895681899250163980e-08
-2.312298328886988917e-05
1.607439332308955448e-05
1.722930406493819642e-05
-2.233074053129559087e-05
-1.328726212371582221e-06
2.621249633201090386e-05
-1.011515620272582538e-05
-1.717808789301282147e-05
2.292012801191680921e-05
7.554083469711389390e-06
-2.372189941547948411e-05
8.974330147379501230e-06
2.174326129385091737e-05
-1.783439776130253869e-05
-8.331678220034541553e-06
2.565238200216047882e-05
-2.870448632545478940e-06
-2.070659787674438738e-05
1.765555225358205680e-05
1.397073866000775456e-05
-2.208521216803645883e-05
1.678788480082280838e-06
2.414936489235416448e-05
-1.199377256691868945e-05
-1.400770822424379379e-05
2.302940662269311667e-05
4.213656259278396683e-06
-2.210495453769646082e-05
1.135838513768885308e-05
1.884737071018247547e-05
-1.857038035859343066e-05
-5.127183617349054636e-06
2.443219832993818536e-05
-5.462601670397073304e-06
-1.798156928078089098e-05
1.877059500708056777e-05
1.053340823208638722e-05
-2.145923883519419822e-05
4.665060524714529863e-06
2.190554095629310439e-05
-1.366019902398952215e-05
-1.091732301591364088e-05
2.277063053093719255e-05
1.137089222644882139e-06
-2.010262006484853851e-05
1.339375758679254805e-05
1.565254170383337945e-05
-1.904209971820264354e-05
-1.856548985051540746e-06
2.309548006753243390e-05
-7.889065765800030874e-06
-1.535260246830048603e-05
1.949979089685046688e-05
7.296748838664938944e-06
-2.041376327586370254e-05
7.404175277341174049e-06
1.932884145920947555e-05
-1.518895773055214981e-05
-7.768962447019775157e-06
2.249172063798902908e-05
-1.722553803109659698e-06
-1.823099118591914184e-05
1.496371817691286123e-05
1.263499915054656986e-05
-1.901217743356779121e-05
1.236003268310526407e-06
2.140019874100828492e-05
-1.022354377918521235e-05
-1.270372428004339435e-05
2.020824224508034928e-05
4.403596580161061145e-06
-1.941383475541039289e-05
9.519314920591829946e-06
1.680629609797691196e-05
-1.605764378409720107e-05
-4.678567594148490334e-06
2.176534469330398575e-05
-4.526138963953787633e-06
-1.633224289096550790e-05
1.643789388643322161e-05
1.003762067886408466e-05
-1.883501472798874816e-05
3.594161999193313820e-06
1.951460184640320592e-05
-1.178507979680848026e-05
-9.888603436384871273e-06
2.039972500777485333e-05
1.471886434339855203e-06
-1.834239268198327560e-05
1.147072213406950515e-05
1.470005261936509433e-05
-1.651808541286230612e-05
-2.305835178390588423e-06
2.050366069673229262e-05
-6.553086020796507107e-06
-1.391990249022560283e-05
1.739444090912180071e-05
7.214460592836720646e-06
-1.852337209244498236e-05
5.770917503990029636e-06
1.792257727131277493e-05
-1.269421975587071612e-05
-7.587009377469246066e-06
1.968995450541309117e-05
-9.128129028122095942e-07
-1.638915807036747283e-05
1.308933831504313468e-05
1.211639011214489967e-05
-1.689965106274327384e-05
-4.449439772057268061e-08
1.939796738177866360e-05
-7.837574152751482101e-06
-1.170840358988994088e-05
1.725002118058772586e-05
4.512654051384180565e-06
-1.712319086814134198e-05
8.002124742657813595e-06
1.569357978975012585e-05
-1.374612420928629251e-05
-5.330401784145473189e-06
1.907773100846656199e-05
-2.565182348283217264e-06
-1.431186457462053693e-05
1.359669067698271517e-05
9.154907723204235278e-06
-1.621797873868382594e-05
2.755608610979244656e-06
1.770445395114216092e-05
-9.570891125115872433e-06
-9.578709044134649930e-06
1.721982702881695996e-05
2.485996887657483315e-06
-1.535403461760914584e-05
9.302966952050881365e-06
0.000000000000000000e+00
0.000000000000000000e+00
0.000000000000000000e+00
0.000000000000000000e+00
0.000000000000000000e+00
0.000000000000000000e+00
0.000000000000000000e+00
0.000000000000000000e+00
0.000000000000000000e+00
0.000000000000000000e+00
0.000000000000000000e+00
0.000000000000000000e+00
0.000000000000000000e+00
0.000000000000000000e+00
0.000000000000000000e+00
0.000000000000000000e+00
0.000000000000000000e+00
0.000000000000000000e+00
0.000000000000000000e+00
0.000000000000000000e+00
0.000000000000000000e+00
0.000000000000000000e+00
0.000000000000000000e+00
0.000000000000000000e+00
0.000000000000000000e+00
0.000000000000000000e+00
0.000000000000000000e+00
0.000000000000000000e+00
0.000000000000000000e+00
0.000000000000000000e+00
0.000000000000000000e+00
0.000000000000000000e+00
0.000000000000000000e+00
0.000000000000000000e+00
0.000000000000000000e+00
0.000000000000000000e+00
0.000000000000000000e+00
0.000000000000000000e+00
0.000000000000000000e+00
0.000000000000000000e+00
0.000000000000000000e+00
0.000000000000000000e+00
0.000000000000000000e+00
0.000000000000000000e+00
0.000000000000000000e+00
0.000000000000000000e+00
0.000000000000000000e+00
0.000000000000000000e+00
0.000000000000000000e+00
0.000000000000000000e+00
0.000000000000000000e+00
0.000000000000000000e+00
0.000000000000000000e+00
0.000000000000000000e+00
0.000000000000000000e+00
0.000000000000000000e+00
0.000000000000000000e+00
0.000000000000000000e+00
0.000000000000000000e+00
0.000000000000000000e+00
0.000000000000000000e+00
0.000000000000000000e+00
0.000000000000000000e+00
0.000000000000000000e+00
0.000000000000000000e+00
0.000000000000000000e+00
0.000000000000000000e+00
0.000000000000000000e+00
0.000000000000000000e+00
0.000000000000000000e+00
0.000000000000000000e+00
0.000000000000000000e+00
0.000000000000000000e+00
0.000000000000000000e+00
0.000000000000000000e+00
0.000000000000000000e+00
0.000000000000000000e+00
0.000000000000000000e+00
0.000000000000000000e+00
0.000000000000000000e+00
0.000000000000000000e+00
0.000000000000000000e+00
0.000000000000000000e+00
0.000000000000000000e+00
0.000000000000000000e+00
0.000000000000000000e+00
0.000000000000000000e+00
0.000000000000000000e+00
0.000000000000000000e+00
0.000000000000000000e+00
0.000000000000000000e+00
0.000000000000000000e+00
0.000000000000000000e+00
0.000000000000000000e+00
0.000000000000000000e+00
0.000000000000000000e+00
0.000000000000000000e+00
0.000000000000000000e+00
0.000000000000000000e+00
0.000000000000000000e+00
0.000000000000000000e+00
0.000000000000000000e+00
0.000000000000000000e+00
0.000000000000000000e+00
0.000000000000000000e+00
0.000000000000000000e+00
0.000000000000000000e+00
0.000000000000000000e+00
0.000000000000000000e+00
0.000000000000000000e+00
0.000000000000000000e+00
0.000000000000000000e+00
0.000000000000000000e+00
0.000000000000000000e+00
0.000000000000000000e+00
0.000000000000000000e+00
0.000000000000000000e+00
0.000000000000000000e+00
0.000000000000000000e+00
0.000000000000000000e+00
0.000000000000000000e+00
0.000000000000000000e+00
0.000000000000000000e+00
0.000000000000000000e+00
0.000000000000000000e+00
0.000000000000000000e+00
0.000000000000000000e+00
0.000000000000000000e+00
0.000000000000000000e+00
0.000000000000000000e+00
0.000000000000000000e+00
0.000000000000000000e+00
0.000000000000000000e+00
0.000000000000000000e+00
0.000000000000000000e+00
0.000000000000000000e+00
0.000000000000000000e+00
0.000000000000000000e+00
0.000000000000000000e+00
0.000000000000000000e+00
0.000000000000000000e+00
0.000000000000000000e+00
0.000000000000000000e+00
0.000000000000000000e+00
0.000000000000000000e+00
0.000000000000000000e+00
0.000000000000000000e+00
0.000000000000000000e+00
0.000000000000000000e+00
0.000000000000000000e+00
0.000000000000000000e+00
0.000000000000000000e+00
0.000000000000000000e+00
0.000000000000000000e+00
0.000000000000000000e+00
0.000000000000000000e+00
0.000000000000000000e+00
0.000000000000000000e+00
0.000000000000000000e+00
0.000000000000000000e+00
0.000000000000000000e+00
0.000000000000000000e+00
0.000000000000000000e+00
0.000000000000000000e+00
0.000000000000000000e+00
0.000000000000000000e+00
0.000000000000000000e+00
0.000000000000000000e+00
0.000000000000000000e+00
0.000000000000000000e+00
0.000000000000000000e+00
0.000000000000000000e+00
0.000000000000000000e+00
0.000000000000000000e+00
0.000000000000000000e+00
0.000000000000000000e+00
0.000000000000000000e+00
0.000000000000000000e+00
0.000000000000000000e+00
0.000000000000000000e+00
0.000000000000000000e+00
0.000000000000000000e+00
0.000000000000000000e+00
0.000000000000000000e+00
0.000000000000000000e+00
0.000000000000000000e+00
0.000000000000000000e+00
0.000000000000000000e+00
0.000000000000000000e+00
0.000000000000000000e+00
0.000000000000000000e+00
0.000000000000000000e+00
0.000000000000000000e+00
0.000000000000000000e+00
0.000000000000000000e+00
0.000000000000000000e+00
0.000000000000000000e+00
0.000000000000000000e+00
0.000000000000000000e+00
0.000000000000000000e+00
0.000000000000000000e+00
0.000000000000000000e+00
0.000000000000000000e+00
0.000000000000000000e+00
0.000000000000000000e+00
0.000000000000000000e+00
0.000000000000000000e+00
0.000000000000000000e+00
0.000000000000000000e+00
0.000000000000000000e+00
0.000000000000000000e+00
0.000000000000000000e+00
0.000000000000000000e+00
0.000000000000000000e+00
0.000000000000000000e+00
0.000000000000000000e+00
0.000000000000000000e+00
0.000000000000000000e+00
0.000000000000000000e+00
0.000000000000000000e+00
0.000000000000000000e+00
0.000000000000000000e+00
0.000000000000000000e+00
0.000000000000000000e+00
0.000000000000000000e+00
0.000000000000000000e+00
0.000000000000000000e+00
0.000000000000000000e+00
0.000000000000000000e+00
0.000000000000000000e+00
0.000000000000000000e+00
0.000000000000000000e+00
0.000000000000000000e+00
0.000000000000000000e+00
0.000000000000000000e+00
0.000000000000000000e+00
0.000000000000000000e+00
0.000000000000000000e+00
0.000000000000000000e+00
0.000000000000000000e+00
0.000000000000000000e+00
0.000000000000000000e+00
0.000000000000000000e+00
0.000000000000000000e+00
0.000000000000000000e+00
0.000000000000000000e+00
0.000000000000000000e+00
0.000000000000000000e+00
0.000000000000000000e+00
0.000000000000000000e+00
0.000000000000000000e+00
0.000000000000000000e+00
0.000000000000000000e+00
0.000000000000000000e+00
0.000000000000000000e+00
0.000000000000000000e+00
0.000000000000000000e+00
0.000000000000000000e+00
0.000000000000000000e+00
0.000000000000000000e+00
0.000000000000000000e+00
0.000000000000000000e+00
0.000000000000000000e+00
0.000000000000000000e+00
0.000000000000000000e+00
0.000000000000000000e+00
0.000000000000000000e+00
0.000000000000000000e+00
0.000000000000000000e+00
0.000000000000000000e+00
0.000000000000000000e+00
0.000000000000000000e+00
0.000000000000000000e+00
0.000000000000000000e+00
0.000000000000000000e+00
0.000000000000000000e+00
0.000000000000000000e+00
0.000000000000000000e+00
0.000000000000000000e+00
0.000000000000000000e+00
0.000000000000000000e+00
0.000000000000000000e+00
0.000000000000000000e+00
0.000000000000000000e+00
0.000000000000000000e+00
0.000000000000000000e+00
0.000000000000000000e+00
0.000000000000000000e+00
0.000000000000000000e+00
0.000000000000000000e+00
0.000000000000000000e+00
0.000000000000000000e+00
0.000000000000000000e+00
0.000000000000000000e+00
0.000000000000000000e+00
0.000000000000000000e+00
0.000000000000000000e+00
0.000000000000000000e+00
0.000000000000000000e+00
0.000000000000000000e+00
0.000000000000000000e+00
0.000000000000000000e+00
0.000000000000000000e+00
0.000000000000000000e+00
0.000000000000000000e+00
0.000000000000000000e+00
0.000000000000000000e+00
0.000000000000000000e+00
0.000000000000000000e+00
0.000000000000000000e+00
0.000000000000000000e+00
0.000000000000000000e+00
0.000000000000000000e+00
0.000000000000000000e+00
0.000000000000000000e+00
0.000000000000000000e+00
0.000000000000000000e+00
0.000000000000000000e+00
0.000000000000000000e+00
0.000000000000000000e+00
0.000000000000000000e+00
0.000000000000000000e+00
0.000000000000000000e+00
0.000000000000000000e+00
0.000000000000000000e+00
0.000000000000000000e+00
0.000000000000000000e+00
0.000000000000000000e+00
0.000000000000000000e+00
0.000000000000000000e+00
0.000000000000000000e+00
0.000000000000000000e+00
0.000000000000000000e+00
0.000000000000000000e+00
0.000000000000000000e+00
0.000000000000000000e+00
0.000000000000000000e+00
0.000000000000000000e+00
0.000000000000000000e+00
0.000000000000000000e+00
0.000000000000000000e+00
0.000000000000000000e+00
0.000000000000000000e+00
0.000000000000000000e+00
0.000000000000000000e+00
0.000000000000000000e+00
0.000000000000000000e+00
0.000000000000000000e+00
0.000000000000000000e+00
0.000000000000000000e+00
0.000000000000000000e+00
0.000000000000000000e+00
0.000000000000000000e+00
0.000000000000000000e+00
0.000000000000000000e+00
0.000000000000000000e+00
0.000000000000000000e+00
0.000000000000000000e+00
0.000000000000000000e+00
0.000000000000000000e+00
0.000000000000000000e+00
0.000000000000000000e+00
0.000000000000000000e+00
0.000000000000000000e+00
0.000000000000000000e+00
0.000000000000000000e+00
0.000000000000000000e+00
0.000000000000000000e+00
0.000000000000000000e+00
0.000000000000000000e+00
0.000000000000000000e+00
0.000000000000000000e+00
0.000000000000000000e+00
0.000000000000000000e+00
0.000000000000000000e+00
0.000000000000000000e+00
0.000000000000000000e+00
0.000000000000000000e+00
0.000000000000000000e+00
0.000000000000000000e+00
0.000000000000000000e+00
0.000000000000000000e+00
0.000000000000000000e+00
0.000000000000000000e+00
0.000000000000000000e+00
0.000000000000000000e+00
0.000000000000000000e+00
0.000000000000000000e+00
0.000000000000000000e+00
0.000000000000000000e+00
0.000000000000000000e+00
0.000000000000000000e+00
0.000000000000000000e+00
0.000000000000000000e+00
0.000000000000000000e+00
0.000000000000000000e+00
0.000000000000000000e+00
0.000000000000000000e+00
0.000000000000000000e+00
0.000000000000000000e+00
0.000000000000000000e+00
0.000000000000000000e+00
0.000000000000000000e+00
0.000000000000000000e+00
0.000000000000000000e+00
0.000000000000000000e+00
0.000000000000000000e+00
0.000000000000000000e+00
0.000000000000000000e+00
0.000000000000000000e+00
0.000000000000000000e+00
0.000000000000000000e+00
0.000000000000000000e+00
0.000000000000000000e+00
0.000000000000000000e+00
0.000000000000000000e+00
0.000000000000000000e+00
0.000000000000000000e+00
0.000000000000000000e+00
0.000000000000000000e+00
0.000000000000000000e+00
0.000000000000000000e+00
0.000000000000000000e+00
0.000000000000000000e+00
0.000000000000000000e+00
0.000000000000000000e+00
0.000000000000000000e+00
0.000000000000000000e+00
0.000000000000000000e+00
0.000000000000000000e+00
0.000000000000000000e+00
0.000000000000000000e+00
0.000000000000000000e+00
0.000000000000000000e+00
0.000000000000000000e+00
0.000000000000000000e+00
0.000000000000000000e+00
0.000000000000000000e+00
0.000000000000000000e+00
0.000000000000000000e+00
0.000000000000000000e+00
0.000000000000000000e+00
0.000000000000000000e+00
0.000000000000000000e+00
0.000000000000000000e+00
0.000000000000000000e+00
0.000000000000000000e+00
0.000000000000000000e+00
0.000000000000000000e+00
0.000000000000000000e+00
0.000000000000000000e+00
0.000000000000000000e+00
0.000000000000000000e+00
0.000000000000000000e+00
0.000000000000000000e+00
0.000000000000000000e+00
0.000000000000000000e+00
0.000000000000000000e+00
0.000000000000000000e+00
0.000000000000000000e+00
0.000000000000000000e+00
0.000000000000000000e+00
0.000000000000000000e+00
0.000000000000000000e+00
0.000000000000000000e+00
0.000000000000000000e+00
0.000000000000000000e+00
0.000000000000000000e+00
0.000000000000000000e+00
0.000000000000000000e+00
0.000000000000000000e+00
0.000000000000000000e+00
0.000000000000000000e+00
0.000000000000000000e+00
0.000000000000000000e+00
0.000000000000000000e+00
0.000000000000000000e+00
0.000000000000000000e+00
0.000000000000000000e+00
0.000000000000000000e+00
0.000000000000000000e+00
0.000000000000000000e+00
0.000000000000000000e+00
0.000000000000000000e+00
0.000000000000000000e+00
0.000000000000000000e+00
0.000000000000000000e+00
0.000000000000000000e+00
0.000000000000000000e+00
0.000000000000000000e+00
0.000000000000000000e+00
0.000000000000000000e+00
0.000000000000000000e+00
0.000000000000000000e+00
0.000000000000000000e+00
0.000000000000000000e+00
0.000000000000000000e+00
0.000000000000000000e+00
0.000000000000000000e+00
0.000000000000000000e+00
0.000000000000000000e+00
0.000000000000000000e+00
0.000000000000000000e+00
0.000000000000000000e+00
0.000000000000000000e+00
0.000000000000000000e+00
0.000000000000000000e+00
0.000000000000000000e+00
0.000000000000000000e+00
0.000000000000000000e+00
0.000000000000000000e+00
0.000000000000000000e+00
0.000000000000000000e+00
0.000000000000000000e+00
0.000000000000000000e+00
0.000000000000000000e+00
0.000000000000000000e+00
0.000000000000000000e+00
0.000000000000000000e+00
0.000000000000000000e+00
0.000000000000000000e+00
0.000000000000000000e+00
0.000000000000000000e+00
0.000000000000000000e+00
0.000000000000000000e+00
0.000000000000000000e+00
0.000000000000000000e+00
0.000000000000000000e+00
0.000000000000000000e+00
0.000000000000000000e+00
0.000000000000000000e+00
0.000000000000000000e+00
0.000000000000000000e+00
0.000000000000000000e+00
0.000000000000000000e+00
0.000000000000000000e+00
0.000000000000000000e+00
0.000000000000000000e+00
0.000000000000000000e+00
0.000000000000000000e+00
0.000000000000000000e+00
0.000000000000000000e+00
0.000000000000000000e+00
0.000000000000000000e+00
0.000000000000000000e+00
0.000000000000000000e+00
0.000000000000000000e+00
0.000000000000000000e+00
0.000000000000000000e+00
0.000000000000000000e+00
0.000000000000000000e+00
0.000000000000000000e+00
0.000000000000000000e+00
0.000000000000000000e+00
0.000000000000000000e+00
0.000000000000000000e+00
0.000000000000000000e+00
0.000000000000000000e+00
0.000000000000000000e+00
0.000000000000000000e+00
0.000000000000000000e+00
0.000000000000000000e+00
0.000000000000000000e+00
0.000000000000000000e+00
0.000000000000000000e+00
0.000000000000000000e+00
0.000000000000000000e+00
0.000000000000000000e+00
0.000000000000000000e+00
0.000000000000000000e+00
0.000000000000000000e+00
0.000000000000000000e+00
0.000000000000000000e+00
0.000000000000000000e+00
0.000000000000000000e+00
0.000000000000000000e+00
0.000000000000000000e+00
0.000000000000000000e+00
0.000000000000000000e+00
0.000000000000000000e+00
0.000000000000000000e+00
0.000000000000000000e+00
0.000000000000000000e+00
0.000000000000000000e+00
0.000000000000000000e+00
0.000000000000000000e+00
0.000000000000000000e+00
0.000000000000000000e+00
0.000000000000000000e+00
0.000000000000000000e+00
0.000000000000000000e+00
0.000000000000000000e+00
0.000000000000000000e+00
0.000000000000000000e+00
0.000000000000000000e+00
0.000000000000000000e+00
0.000000000000000000e+00
0.000000000000000000e+00
0.000000000000000000e+00
0.000000000000000000e+00
0.000000000000000000e+00
0.000000000000000000e+00
0.000000000000000000e+00
0.000000000000000000e+00
0.000000000000000000e+00
0.000000000000000000e+00
0.000000000000000000e+00
0.000000000000000000e+00
0.000000000000000000e+00
0.000000000000000000e+00
0.000000000000000000e+00
0.000000000000000000e+00
0.000000000000000000e+00
0.000000000000000000e+00
0.000000000000000000e+00
0.000000000000000000e+00
0.000000000000000000e+00
0.000000000000000000e+00
0.000000000000000000e+00
0.000000000000000000e+00
0.000000000000000000e+00
0.000000000000000000e+00
0.000000000000000000e+00
0.000000000000000000e+00
0.000000000000000000e+00
0.000000000000000000e+00
0.000000000000000000e+00
0.000000000000000000e+00
0.000000000000000000e+00
0.000000000000000000e+00
0.000000000000000000e+00
0.000000000000000000e+00
0.000000000000000000e+00
0.000000000000000000e+00
0.000000000000000000e+00
0.000000000000000000e+00
0.000000000000000000e+00
0.000000000000000000e+00
0.000000000000000000e+00
0.000000000000000000e+00
0.000000000000000000e+00
0.000000000000000000e+00
0.000000000000000000e+00
0.000000000000000000e+00
0.000000000000000000e+00
0.000000000000000000e+00
0.000000000000000000e+00
0.000000000000000000e+00
0.000000000000000000e+00
0.000000000000000000e+00
0.000000000000000000e+00
0.000000000000000000e+00
0.000000000000000000e+00
0.000000000000000000e+00
0.000000000000000000e+00
0.000000000000000000e+00
0.000000000000000000e+00
0.000000000000000000e+00
0.000000000000000000e+00
0.000000000000000000e+00
0.000000000000000000e+00
0.000000000000000000e+00
0.000000000000000000e+00
0.000000000000000000e+00
0.000000000000000000e+00
0.000000000000000000e+00
0.000000000000000000e+00
0.000000000000000000e+00
0.000000000000000000e+00
0.000000000000000000e+00
0.000000000000000000e+00
0.000000000000000000e+00
0.000000000000000000e+00
0.000000000000000000e+00
0.000000000000000000e+00
0.000000000000000000e+00
0.000000000000000000e+00
0.000000000000000000e+00
0.000000000000000000e+00
0.000000000000000000e+00
0.000000000000000000e+00
0.000000000000000000e+00
0.000000000000000000e+00
0.000000000000000000e+00
0.000000000000000000e+00
0.000000000000000000e+00
0.000000000000000000e+00
0.000000000000000000e+00
0.000000000000000000e+00
0.000000000000000000e+00
0.000000000000000000e+00
0.000000000000000000e+00
0.000000000000000000e+00
0.000000000000000000e+00
0.000000000000000000e+00
0.000000000000000000e+00
0.000000000000000000e+00
0.000000000000000000e+00
0.000000000000000000e+00
0.000000000000000000e+00
0.000000000000000000e+00
0.000000000000000000e+00
0.000000000000000000e+00
0.000000000000000000e+00
0.000000000000000000e+00
0.000000000000000000e+00
0.000000000000000000e+00
0.000000000000000000e+00
0.000000000000000000e+00
0.000000000000000000e+00
0.000000000000000000e+00
0.000000000000000000e+00
0.000000000000000000e+00
0.000000000000000000e+00
0.000000000000000000e+00
0.000000000000000000e+00
0.000000000000000000e+00
0.000000000000000000e+00
0.000000000000000000e+00
0.000000000000000000e+00
0.000000000000000000e+00
0.000000000000000000e+00
0.000000000000000000e+00
0.000000000000000000e+00
0.000000000000000000e+00
0.000000000000000000e+00
0.000000000000000000e+00
0.000000000000000000e+00
0.000000000000000000e+00
0.000000000000000000e+00
0.000000000000000000e+00
0.000000000000000000e+00
0.000000000000000000e+00
0.000000000000000000e+00
0.000000000000000000e+00
0.000000000000000000e+00
0.000000000000000000e+00
0.000000000000000000e+00
0.000000000000000000e+00
0.000000000000000000e+00
0.000000000000000000e+00
0.000000000000000000e+00
0.000000000000000000e+00
0.000000000000000000e+00
0.000000000000000000e+00
0.000000000000000000e+00
0.000000000000000000e+00
0.000000000000000000e+00
0.000000000000000000e+00
0.000000000000000000e+00
0.000000000000000000e+00
0.000000000000000000e+00
0.000000000000000000e+00
0.000000000000000000e+00
0.000000000000000000e+00
0.000000000000000000e+00
0.000000000000000000e+00
0.000000000000000000e+00
0.000000000000000000e+00
0.000000000000000000e+00
0.000000000000000000e+00
0.000000000000000000e+00
0.000000000000000000e+00
0.000000000000000000e+00
0.000000000000000000e+00
0.000000000000000000e+00
0.000000000000000000e+00
0.000000000000000000e+00
0.000000000000000000e+00
0.000000000000000000e+00
0.000000000000000000e+00
0.000000000000000000e+00
0.000000000000000000e+00
0.000000000000000000e+00
0.000000000000000000e+00
0.000000000000000000e+00
0.000000000000000000e+00
0.000000000000000000e+00
0.000000000000000000e+00
0.000000000000000000e+00
0.000000000000000000e+00
0.000000000000000000e+00
0.000000000000000000e+00
0.000000000000000000e+00
0.000000000000000000e+00
0.000000000000000000e+00
0.000000000000000000e+00
0.000000000000000000e+00
0.000000000000000000e+00
0.000000000000000000e+00
0.000000000000000000e+00
0.000000000000000000e+00
0.000000000000000000e+00
0.000000000000000000e+00
0.000000000000000000e+00
0.000000000000000000e+00
0.000000000000000000e+00
0.000000000000000000e+00
0.000000000000000000e+00
0.000000000000000000e+00
0.000000000000000000e+00
0.000000000000000000e+00
0.000000000000000000e+00
0.000000000000000000e+00
0.000000000000000000e+00
0.000000000000000000e+00
0.000000000000000000e+00
0.000000000000000000e+00
0.000000000000000000e+00
0.000000000000000000e+00
0.000000000000000000e+00
0.000000000000000000e+00
0.000000000000000000e+00
0.000000000000000000e+00
0.000000000000000000e+00
0.000000000000000000e+00
0.000000000000000000e+00
0.000000000000000000e+00
0.000000000000000000e+00
0.000000000000000000e+00
0.000000000000000000e+00
0.000000000000000000e+00
0.000000000000000000e+00
0.000000000000000000e+00
0.000000000000000000e+00
0.000000000000000000e+00
0.000000000000000000e+00
0.000000000000000000e+00
0.000000000000000000e+00
0.000000000000000000e+00
0.000000000000000000e+00
0.000000000000000000e+00
0.000000000000000000e+00
0.000000000000000000e+00
0.000000000000000000e+00
0.000000000000000000e+00
0.000000000000000000e+00
0.000000000000000000e+00
0.000000000000000000e+00
0.000000000000000000e+00
0.000000000000000000e+00
0.000000000000000000e+00
0.000000000000000000e+00
0.000000000000000000e+00
0.000000000000000000e+00
0.000000000000000000e+00
0.000000000000000000e+00
0.000000000000000000e+00
0.000000000000000000e+00
0.000000000000000000e+00
0.000000000000000000e+00
0.000000000000000000e+00
0.000000000000000000e+00
0.000000000000000000e+00
0.000000000000000000e+00
0.000000000000000000e+00
0.000000000000000000e+00
0.000000000000000000e+00
0.000000000000000000e+00
0.000000000000000000e+00
0.000000000000000000e+00
0.000000000000000000e+00
0.000000000000000000e+00
0.000000000000000000e+00
0.000000000000000000e+00
0.000000000000000000e+00
0.000000000000000000e+00
0.000000000000000000e+00
0.000000000000000000e+00
0.000000000000000000e+00
0.000000000000000000e+00
0.000000000000000000e+00
0.000000000000000000e+00
0.000000000000000000e+00
0.000000000000000000e+00
0.000000000000000000e+00
0.000000000000000000e+00
0.000000000000000000e+00
0.000000000000000000e+00
0.000000000000000000e+00
0.000000000000000000e+00
0.000000000000000000e+00
0.000000000000000000e+00
0.000000000000000000e+00
0.000000000000000000e+00
0.000000000000000000e+00
0.000000000000000000e+00
0.000000000000000000e+00
0.000000000000000000e+00
0.000000000000000000e+00
0.000000000000000000e+00
0.000000000000000000e+00
0.000000000000000000e+00
0.000000000000000000e+00
0.000000000000000000e+00
0.000000000000000000e+00
0.000000000000000000e+00
0.000000000000000000e+00
0.000000000000000000e+00
0.000000000000000000e+00
0.000000000000000000e+00
0.000000000000000000e+00
0.000000000000000000e+00
0.000000000000000000e+00
0.000000000000000000e+00
0.000000000000000000e+00
0.000000000000000000e+00
0.000000000000000000e+00
0.000000000000000000e+00
0.000000000000000000e+00
0.000000000000000000e+00
0.000000000000000000e+00
0.000000000000000000e+00
0.000000000000000000e+00
0.000000000000000000e+00
0.000000000000000000e+00
0.000000000000000000e+00
0.000000000000000000e+00
0.000000000000000000e+00
0.000000000000000000e+00
0.000000000000000000e+00
0.000000000000000000e+00
0.000000000000000000e+00
0.000000000000000000e+00
0.000000000000000000e+00
0.000000000000000000e+00
0.000000000000000000e+00
0.000000000000000000e+00
0.000000000000000000e+00
0.000000000000000000e+00
0.000000000000000000e+00
0.000000000000000000e+00
0.000000000000000000e+00
0.000000000000000000e+00
0.000000000000000000e+00
0.000000000000000000e+00
0.000000000000000000e+00
0.000000000000000000e+00
0.000000000000000000e+00
0.000000000000000000e+00
0.000000000000000000e+00
0.000000000000000000e+00
0.000000000000000000e+00
0.000000000000000000e+00
0.000000000000000000e+00
0.000000000000000000e+00
0.000000000000000000e+00
0.000000000000000000e+00
0.000000000000000000e+00
0.000000000000000000e+00
0.000000000000000000e+00
0.000000000000000000e+00
0.000000000000000000e+00
0.000000000000000000e+00
0.000000000000000000e+00
0.000000000000000000e+00
0.000000000000000000e+00
0.000000000000000000e+00
0.000000000000000000e+00
0.000000000000000000e+00
0.000000000000000000e+00
0.000000000000000000e+00
0.000000000000000000e+00
0.000000000000000000e+00
0.000000000000000000e+00
0.000000000000000000e+00
0.000000000000000000e+00
0.000000000000000000e+00
0.000000000000000000e+00
0.000000000000000000e+00
0.000000000000000000e+00
0.000000000000000000e+00
0.000000000000000000e+00
0.000000000000000000e+00
0.000000000000000000e+00
0.000000000000000000e+00
0.000000000000000000e+00
0.000000000000000000e+00
0.000000000000000000e+00
0.000000000000000000e+00
0.000000000000000000e+00
0.000000000000000000e+00
0.000000000000000000e+00
0.000000000000000000e+00
0.000000000000000000e+00
0.000000000000000000e+00
0.000000000000000000e+00
0.000000000000000000e+00
0.000000000000000000e+00
0.000000000000000000e+00
0.000000000000000000e+00
0.000000000000000000e+00
0.000000000000000000e+00
0.000000000000000000e+00
0.000000000000000000e+00
0.000000000000000000e+00
0.000000000000000000e+00
0.000000000000000000e+00
0.000000000000000000e+00
0.000000000000000000e+00
0.000000000000000000e+00
0.000000000000000000e+00
0.000000000000000000e+00
0.000000000000000000e+00
0.000000000000000000e+00
0.000000000000000000e+00
0.000000000000000000e+00
0.000000000000000000e+00
0.000000000000000000e+00
0.000000000000000000e+00
0.000000000000000000e+00
0.000000000000000000e+00
0.000000000000000000e+00
0.000000000000000000e+00
0.000000000000000000e+00
0.000000000000000000e+00
0.000000000000000000e+00
0.000000000000000000e+00
0.000000000000000000e+00
0.000000000000000000e+00
0.000000000000000000e+00
0.000000000000000000e+00
0.000000000000000000e+00
0.000000000000000000e+00
0.000000000000000000e+00
0.000000000000000000e+00
0.000000000000000000e+00
0.000000000000000000e+00
0.000000000000000000e+00
0.000000000000000000e+00
0.000000000000000000e+00
0.000000000000000000e+00
0.000000000000000000e+00
0.000000000000000000e+00
0.000000000000000000e+00
0.000000000000000000e+00
0.000000000000000000e+00
0.000000000000000000e+00
