-2.333320984608895183e-60
-9.432973945779012517e-61
1.970960448236496828e-58
-2.326454905620958124e-57
7.935141334588031062e-57
1.167206313143378264e-55
2.258548337374137826e-55
-2.456964089303236350e-54
1.758102463361669864e-53
4.873112083590196940e-51
6.542260544008403502e-50
-5.879280305937298989e-48
2.869967481576997069e-46
2.092252981831991790e-44
-9.799351164809158443e-43
5.884951672024369914e-40
5.659946170159051185e-37
-3.453178780501497611e-34
-1.268974905890158817e-30
-4.066086531748614277e-27
4.430165597250411448e-23
3.619746420370283864e-19
7.097842672903908076e-14
-9.243183649809705703e-09
-1.606971457132120610e-07
-3.915622622217788947e-07
-7.328944177928475898e-07
-1.471786572581980911e-06
-2.936244753704141847e-06
-5.805034382231351699e-06
-1.141975754881734029e-05
-2.236606189880658172e-05
-4.353922554917884598e-05
-8.412907310987064943e-05
-1.610799755076223604e-04
-3.049507020114313664e-04
-5.693052731806987499e-04
-1.044567198066370531e-03
-1.876015910720173294e-03
-3.290554563555138541e-03
-5.524193398554688543e-03
-8.910802918378325430e-03
-1.356845622023167448e-02
-1.912079225263857429e-02
-2.419396997107039690e-02
-2.608255335620661419e-02
-2.134872048606826708e-02
-8.405578996295156105e-03
8.109368758483616671e-03
1.627282978017178042e-02
6.764799329623039092e-03
-8.503807456646689591e-03
-2.281153110636253371e-03
1.678941933353481422e-02
1.094509093146889440e-02
-5.416611870698498539e-03
1.529887918872985903e-03
1.328926527976621863e-02
4.698173671367352269e-03
-9.362503439202437541e-04
1.064855338257593605e-02
1.177269530473834189e-02
-1.189310087514494629e-03
1.154838618353090131e-03
1.327425413845897788e-02
8.312945987549271928e-03
-6.578978190190537013e-04
6.540194815172944813e-03
1.097237436676501074e-02
1.818955708294611685e-03
1.749976180304277243e-03
1.156422303159993815e-02
7.800440825302148301e-03
-1.363825676775075584e-03
4.822189653363341023e-03
1.133544629612988353e-02
3.493736492372326828e-03
5.326210431842435568e-04
8.712856701069041088e-03
7.394706130747216895e-03
-5.015181468388766207e-04
4.264443319104694631e-03
1.056919054353652396e-02
3.206208752976554260e-03
-8.720046522171249342e-04
7.304481632623186296e-03
8.106162295297415082e-03
1.960347062219444908e-04
2.631829845646700260e-03
8.901171903691607046e-03
3.340967188960126434e-03
-8.329048476271486796e-04
6.553154672219990880e-03
7.940262236691461584e-03
-1.349489589182389449e-04
1.117168751894929979e-03
8.161947572440037338e-03
4.197529646665644834e-03
-9.100207803518153837e-04
4.962244770480059297e-03
7.209386460113516651e-03
1.093499864921735932e-04
6.579718188428550999e-04
7.615030623552824889e-03
4.361759840545575626e-03
-1.470025220604919769e-03
3.625941512819650173e-03
7.117700630939690493e-03
8.127411657502132134e-04
3.099185054481192413e-05
6.416316092001348413e-03
4.284742314270105837e-03
-1.412246631844662776e-03
2.952423403565861745e-03
6.922649746222558041e-03
1.012546036182018555e-03
-7.767362879774594633e-04
5.471347196720745265e-03
4.643138430990990939e-03
-1.080185856326049349e-03
2.057689416023375604e-03
6.254229588145168890e-03
1.224123850627779290e-03
-1.026462207406963470e-03
4.853947718897096315e-03
4.768817937447350497e-03
-1.055838483156404124e-03
1.150099437180194520e-03
5.794316325621316245e-03
1.739708300951813133e-03
-1.129038727650758835e-03
3.981465123334850149e-03
4.583952849141708849e-03
-8.635714660820200273e-04
6.673574806767887781e-04
5.431794846547818162e-03
2.034269362903127695e-03
-1.368969357135202966e-03
3.169365247357137320e-03
4.561127286461291210e-03
-4.506227218476495486e-04
2.335068246013152055e-04
4.818283911643328130e-03
2.152587024385351454e-03
-1.387880381117679706e-03
2.620891194018699303e-03
4.492483879076606887e-03
-2.107065730351074411e-04
-2.349834006509190403e-04
4.260102827229573889e-03
2.400084403208660715e-03
-1.241548118882214490e-03
2.061228313956990632e-03
4.217445074992538442e-03
-4.790729436089032676e-06
-4.773939607060942686e-04
3.836669148105226017e-03
2.548212577325032185e-03
-1.188223843910329609e-03
1.507772944632501883e-03
3.978792425064431662e-03
2.963041203838354424e-04
-6.132694020171961706e-04
3.346145746608362830e-03
2.547253341281694936e-03
-1.083814153993797750e-03
1.141979037940889143e-03
3.779146278308076826e-03
5.083833556206365095e-04
-7.782054474451940897e-04
2.876953392896285620e-03
2.574179338636886985e-03
-8.979194524310175158e-04
8.275256525383626076e-04
3.486547747220617409e-03
6.377008259935970300e-04
-8.482494049410626994e-04
2.530213356838356947e-03
2.580796430112489246e-03
-7.701869666173515516e-04
5.222155405288702798e-04
3.215667475909204150e-03
7.960378826263115378e-04
-8.496701286578734868e-04
2.194709952988761238e-03
2.504672700401467181e-03
-6.635744743812900005e-04
3.133632152947831285e-04
2.999597300370278677e-03
9.103855893350260844e-04
-8.795889719728090372e-04
1.877491354664001305e-03
2.440172186700604630e-03
-5.283355277674711128e-04
1.527835555961645385e-04
2.770733349062727124e-03
9.697071470316292671e-04
-8.899405062376323063e-04
1.634529646221794842e-03
2.390034731541615561e-03
-4.279383743391268024e-04
-1.305976671065868462e-05
2.554523977749006275e-03
1.035559431022128494e-03
-8.737378068103814977e-04
1.416642091220424084e-03
2.314860658244533281e-03
-3.548790300337246410e-04
-1.456928124586573175e-04
2.384720950186579921e-03
1.099136880445296437e-03
-8.757399134898269117e-04
1.202238752397567214e-03
2.250285427287325619e-03
-2.685567117853085721e-04
-2.547199863885913967e-04
2.220001325650712651e-03
1.140620336619662225e-03
-8.829716701928935589e-04
1.017138089830471083e-03
2.207316171279110652e-03
-1.883649231353627218e-04
-3.743918614068117261e-04
2.057485350703924191e-03
1.194448640533657012e-03
-8.705279314937491679e-04
8.453980115547609720e-04
2.160002807188309091e-03
-1.171889096212446634e-04
-4.871202665869303313e-04
1.912224841898045331e-03
1.259569978868456223e-03
-8.603943971219544639e-04
6.638380478897699857e-04
2.111262917586835975e-03
-2.907309180731943474e-05
-5.826395770644256797e-04
1.767321921758161852e-03
1.320125498021138769e-03
-8.458757775820084949e-04
4.883025552557181690e-04
2.070159027554477164e-03
7.148898882030530367e-05
-6.771181869029233589e-04
1.608266025367040622e-03
1.381482383412216972e-03
-8.104715284009646930e-04
3.197126103457103782e-04
2.019092450264264350e-03
1.751770656984633187e-04
-7.608321459265447425e-04
1.448099735349547314e-03
1.448239637449847501e-03
-7.567956814785615095e-04
1.497086776796993277e-04
1.951789670303832403e-03
2.891773943489049301e-04
-8.222892098480625656e-04
1.281828880702820831e-03
1.503323901541091983e-03
-6.901479948792859460e-04
-1.313473425083907099e-05
1.874103035851234101e-03
4.118583926037573651e-04
-8.640444811761024448e-04
1.105713258500840230e-03
1.545478015967553321e-03
-6.017633069577782651e-04
-1.584510230055807215e-04
1.780712904235817132e-03
5.307798635452279411e-04
-8.864551392892995726e-04
9.270652242662264951e-04
1.573314838846444049e-03
-4.981019732244275139e-04
-2.904097499645538283e-04
1.667235016115986134e-03
6.438878329104600002e-04
-8.811253153003953485e-04
7.537945513361333366e-04
1.581863541481285784e-03
-3.852806875444724161e-04
-4.015336963070430904e-04
1.542545916230192394e-03
7.492905040186974416e-04
-8.524645404036625086e-04
5.851837161764022240e-04
1.566959236585763931e-03
-2.667596713319698716e-04
-4.873057366793008376e-04
1.408379021668342652e-03
8.372810150756052018e-04
-8.056169991270454135e-04
4.288772111411156391e-04
1.533425379200181174e-03
-1.469098294056263450e-04
-5.482519832876918625e-04
1.268146566542848602e-03
9.059482026624649962e-04
-7.416753321938609773e-04
2.907865042989881115e-04
1.481432917347074362e-03
-3.460185854391008769e-05
-5.859199682340446563e-04
1.129441873683395504e-03
9.555829506813216020e-04
-6.664994097602093548e-04
1.723847909243766464e-04
1.414848864390156041e-03
6.698206096583692872e-05
-6.011526092870724891e-04
9.977139527829026033e-04
9.843981867709711286e-04
-5.884023364597160133e-04
7.445903485559068999e-05
1.339433180579019302e-03
1.544555138518281779e-04
-5.994375880288185365e-04
8.759883166273967894e-04
9.948320740145561673e-04
-5.109781523138291238e-04
-1.742027350393125260e-06
1.260746184385745910e-03
2.253945053156025842e-04
-5.859928641164528947e-04
7.684064510160478747e-04
9.915202605843957163e-04
-4.390295850814177362e-04
-5.947524389007832849e-05
1.183197715737453878e-03
2.800322904044832755e-04
-5.653047157112836216e-04
6.773544389624300104e-04
9.787806896492667885e-04
-3.769214839865590058e-04
-1.024710896707301802e-04
1.111973570827845970e-03
3.205371991229381606e-04
-5.434720741391130651e-04
6.011787068625929365e-04
9.606949335145494083e-04
-3.264331466013404388e-04
-1.350932630961239095e-04
1.049983188424275090e-03
3.496597856382532865e-04
-5.250574478576388844e-04
5.384706475767572862e-04
9.431137493048654232e-04
-2.867657043500603962e-04
-1.621957491383432522e-04
9.986165394324951136e-04
3.717309447178996870e-04
-5.128245502841984656e-04
4.865506316961457317e-04
9.300024572149004657e-04
-2.571077900462489792e-04
-1.890195738999502818e-04
9.579812150690755063e-04
3.915713560848357801e-04
-5.263859547469316698e-04
2.661335989665602640e-04
2.611772738565015729e-04
2.552236761204973773e-04
2.514768686548130537e-04
2.487515400626740696e-04
2.468673653415380618e-04
2.446811795661196884e-04
2.427943990424408346e-04
2.411152236687648766e-04
2.400447830419975023e-04
2.382623829249382757e-04
2.369934027220476443e-04
2.353674525186322101e-04
2.336190589434773918e-04
2.327151727782172811e-04
2.312143236970947216e-04
2.301312189435841381e-04
2.287094659612201922e-04
2.272211920208071039e-04
2.262398370251603782e-04
2.249366206896399737e-04
2.238442430629682513e-04
2.225782159430648576e-04
2.212541953385214197e-04
2.201731565129928542e-04
2.189941016287237445e-04
2.177765851276651618e-04
2.166846565690501328e-04
2.154827880012893503e-04
2.142821683924049929e-04
2.131022959022160399e-04
2.121090560484149715e-04
2.109608924198786632e-04
2.097822303137963191e-04
2.087300595345632217e-04
2.076504681763337800e-04
2.065811734486894724e-04
2.054988302118393559e-04
2.044936638129746492e-04
2.034413706355839432e-04
2.024088719220298611e-04
2.013991186043648555e-04
2.003803787745635830e-04
1.994171674883987114e-04
1.983793764672613829e-04
1.973471104384854572e-04
1.963250835412935270e-04
1.953030220236453012e-04
1.942614892728151770e-04
1.932768382785443010e-04
1.922425847055200517e-04
1.912336937896541350e-04
1.902411567847730003e-04
1.892464774988064289e-04
1.882451029680297437e-04
1.872467908035253814e-04
1.863231672669922608e-04
1.853736414775881589e-04
1.844249776987541588e-04
1.834656140138605140e-04
1.825028446381647435e-04
1.815551668318345535e-04
1.806226221302043879e-04
1.796969838898053711e-04
1.787705153598740770e-04
1.778353805609900228e-04
1.769103550904083696e-04
1.760045917658847794e-04
1.751487847159191678e-04
1.742612748149259874e-04
1.733455263091776240e-04
1.724543536688997753e-04
1.715786076362173056e-04
1.707172715832727694e-04
1.698438961460794420e-04
1.689793879521450551e-04
1.681050529778458150e-04
1.672485321767890683e-04
1.664095037479618676e-04
1.655611843881100011e-04
1.647152405455709135e-04
1.638630809709262120e-04
1.630221590836790628e-04
1.621866841919812640e-04
1.613652616876480161e-04
1.605447207273247312e-04
1.597239982132555593e-04
1.588875508626312247e-04
1.580895872958841899e-04
1.573057890286435820e-04
1.565304809288543516e-04
1.557536267830835625e-04
1.549746007236198523e-04
1.542029262657352402e-04
1.534371341075478764e-04
1.526705960523368146e-04
1.518961167307411727e-04
1.511123899502656942e-04
1.503265326651385839e-04
1.495421452471408790e-04
1.487397281467915330e-04
1.479612598141335611e-04
1.471829977499236847e-04
1.464069189276075579e-04
1.456383287944030712e-04
1.448766423140606090e-04
1.441218475464513813e-04
1.433688559451082756e-04
1.426016110628946598e-04
1.418629363119332102e-04
1.411328315878094132e-04
1.404068914312788202e-04
1.396809647896226953e-04
1.389550048745134857e-04
1.382325828765347043e-04
1.375021715709455331e-04
1.367944555224348546e-04
1.360899510673351475e-04
1.353841208865579288e-04
1.346830978771326661e-04
1.339717713801915559e-04
1.332875988000390398e-04
1.326053221321647963e-04
1.319225173496080066e-04
1.312427465732941270e-04
1.305496061037061918e-04
1.298857321375222870e-04
1.292260939654379145e-04
1.285690355364945184e-04
1.279147078876868317e-04
1.272453407147384108e-04
1.266007532978827722e-04
1.259568620012585787e-04
1.253123980130709154e-04
1.246544176736382186e-04
1.240209291228589676e-04
1.234150743367113572e-04
1.227790948972973749e-04
1.221487522663643101e-04
1.215127775620369183e-04
1.208935673478245189e-04
1.202747399912198648e-04
1.196529791281815945e-04
1.190433052714039993e-04
1.184310072007613139e-04
1.178133882634173395e-04
1.172267700891890644e-04
1.166088326283422962e-04
1.159765938419748640e-04
1.153363617629588446e-04
1.148240825683080770e-04
1.141569221991899465e-04
1.134669669186862188e-04
1.131187010961580679e-04
1.123930051081233354e-04
1.116310826507160126e-04
1.115373247208362926e-04
1.107476039553988644e-04
1.099524803325364750e-04
1.092849920966185542e-04
1.092556294143122924e-04
1.084914844666788391e-04
1.078900522816813836e-04
1.077839120457754047e-04
1.070948479785763967e-04
1.065435272600724349e-04
1.062489205539642772e-04
1.056412636331139970e-04
1.051176463320181422e-04
1.046756164197135548e-04
1.041365294767898256e-04
1.036373249170744035e-04
1.031244829801931088e-04
1.026287251836883075e-04
1.021438625588765118e-04
1.016103201310673100e-04
1.011473041375757730e-04
1.006006695829777739e-04
1.001524231693475849e-04
9.970517090251929061e-05
9.916326192300765527e-05
9.873113207425569381e-05
9.829281468029261440e-05
9.777083798996892734e-05
9.734833380825973757e-05
9.681487333983684852e-05
9.641170809632328479e-05
9.599016241648401033e-05
9.547856205682832167e-05
9.508619341014231665e-05
9.455986215971413217e-05
9.417576957461913070e-05
9.379392832148613051e-05
9.326419883219096672e-05
9.291334428961830897e-05
9.239960126384031899e-05
9.203407436099723862e-05
9.165965239135586047e-05
9.118298602968758252e-05
9.080634637469750352e-05
9.033856875950227873e-05
8.998061069126023171e-05
8.961088821136905570e-05
8.916889380696738782e-05
8.881004803890782460e-05
8.835776946407411687e-05
8.801392269499521011e-05
8.756839100253469737e-05
8.722975505172752262e-05
8.688045051107738572e-05
8.646206547360891560e-05
8.612184623022078205e-05
8.570102219535278589e-05
8.537641807104375739e-05
8.495825254001400189e-05
8.463904331489008673e-05
8.422665452438155541e-05
8.391424735578171428e-05
8.350490488764799918e-05
8.319792778481227081e-05
8.288442194853003176e-05
8.249882751016393003e-05
8.219213952593159526e-05
8.181024971572439428e-05
8.151212357223035785e-05
8.113156291568912517e-05
8.084208250189485185e-05
8.046964602620371501e-05
8.018593043075353960e-05
7.981648266463365303e-05
7.954010376350992436e-05
7.917759222422777858e-05
7.890480223320152906e-05
7.854813419970261407e-05
7.828175969264785121e-05
7.793015757618070851e-05
7.766534910735735755e-05
7.731958954706810174e-05
7.706132400629960011e-05
7.671938231965891807e-05
7.646278480296878771e-05
7.612722479859336663e-05
7.587674790389897176e-05
7.554578442277374824e-05
7.529913257172970206e-05
7.497592130113121638e-05
7.473445308266308260e-05
7.441606248153947393e-05
7.418125902061263003e-05
7.387205735930719129e-05
7.364533911143008899e-05
7.334361845800370079e-05
7.312468832178376638e-05
7.283300525693999655e-05
7.261828393038651441e-05
7.233149283957506783e-05
7.212056862925474675e-05
7.183982159292615337e-05
7.163056056864142249e-05
7.135176189532473176e-05
7.114129115280203800e-05
7.086649339309654308e-05
7.065121187105085330e-05
7.037824771663093591e-05
7.009855508556214233e-05
6.989011670000000193e-05
6.961206538846318207e-05
6.940322955931188011e-05
6.912713921271372141e-05
6.892218980027882121e-05
6.864748527974238383e-05
6.844354162514102683e-05
6.817691441543355607e-05
6.797168694232430303e-05
6.772201068355904478e-05
6.744948712969680703e-05
6.727324141533869281e-05
6.701358061128932949e-05
6.683034848949832168e-05
6.658085115973300301e-05
6.639486866208823906e-05
6.615306167148640086e-05
6.596675983407362899e-05
6.571859839309319735e-05
6.546766732440455867e-05
6.528027989010351040e-05
6.503448659516943226e-05
6.486452872621011989e-05
6.461821195546990952e-05
6.443170546469999694e-05
6.419427330118486757e-05
6.400914996518559084e-05
6.377902300810257147e-05
6.354372787630694123e-05
6.337136683981130843e-05
6.313931789990773918e-05
6.296833823972948952e-05
6.273947220711962149e-05
6.256827969560035409e-05
6.234764225023224941e-05
6.212274646146552818e-05
6.195816956855088368e-05
6.173542865942355381e-05
6.157243530349427259e-05
6.135415439777625740e-05
6.113833865373702109e-05
6.097587182598182792e-05
6.076045399261479046e-05
6.060394965174001954e-05
6.038924621434048139e-05
6.023203589075591831e-05
6.002409666422145413e-05
5.981473644421403564e-05
5.966214782054162706e-05
5.945233234480866192e-05
5.929966624772771904e-05
5.909495015970993829e-05
5.889068823178205737e-05
5.874123694133331273e-05
5.853606797124039486e-05
5.838886917316541114e-05
5.818882894591263690e-05
5.798886937172506920e-05
5.784580775687202969e-05
5.764493181920949289e-05
5.750496027016093804e-05
5.730509396063744875e-05
5.710506176046564113e-05
5.696658692053974653e-05
5.677026494891649174e-05
5.658082203373416348e-05
5.643995602918603266e-05
5.624472401635708649e-05
5.610884269667432844e-05
5.591385460058053325e-05
5.572293811744758813e-05
5.558805805735381623e-05
5.539468406606634350e-05
5.526063456620095959e-05
5.507274674973748244e-05
5.488275212002325856e-05
5.475266828703548555e-05
5.456331715743354804e-05
5.437703655699959934e-05
5.424615445513042997e-05
5.405708270577312571e-05
5.387706045679224102e-05
5.374468877404207966e-05
5.355748149568000609e-05
5.343195823485182217e-05
5.324758231103093089e-05
5.306421818810901103e-05
5.294051377767168380e-05
5.275596075737421669e-05
5.257511580385111800e-05
5.245054403603956027e-05
5.226697293154389392e-05
5.209028146173836748e-05
5.196410102857847369e-05
5.178027299117714461e-05
5.165772827118812331e-05
5.147860238860920660e-05
5.129582680897543388e-05
5.117475524517473039e-05
5.099427727518178477e-05
5.081194199604713649e-05
5.069175731347461903e-05
5.051167731455180729e-05
5.033115607154848323e-05
5.021139625133430709e-05
5.003034538957225590e-05
4.985127734486454354e-05
4.973235965494904922e-05
4.955155834515203483e-05
4.937328016337869205e-05
4.925487884104004158e-05
4.907436521521304351e-05
4.889739205699315588e-05
4.878140376236251918e-05
4.860312619534642461e-05
4.842776221996474614e-05
4.831314368967536176e-05
4.813758248125680090e-05
4.796519937687353041e-05
4.785386598256287100e-05
4.768122417825169284e-05
4.751150393067827979e-05
4.740347363441142856e-05
4.723497141868367454e-05
4.706890351439840694e-05
4.696685517876356196e-05
4.680220904469324135e-05
4.663808646261848073e-05
4.653806270208443101e-05
4.637739165685121075e-05
4.621417285343606794e-05
4.606048103340002554e-05
4.595371535185141596e-05
4.578881570037887449e-05
4.563114121443022906e-05
4.552463017328258838e-05
4.535812129707607028e-05
4.519638363942291535e-05
4.508973074456390729e-05
4.491942232034553209e-05
4.475199478940737618e-05
4.464530201129009851e-05
4.447554037584938356e-05
4.430392453554906967e-05
4.414421364010839426e-05
4.402816860272649926e-05
4.385487266888785356e-05
4.368994307631412545e-05
4.358007933242493326e-05
4.340965976603655327e-05
4.324383110816339587e-05
4.313823727803522523e-05
4.297152081704922252e-05
4.280658957533283251e-05
4.265382778475339492e-05
4.254380269242792953e-05
4.237875370536743863e-05
4.222298844016158511e-05
4.212232874732212417e-05
4.195864878184201840e-05
4.179726422488613141e-05
4.165169344530373366e-05
4.154266333256612456e-05
4.137927445429440604e-05
4.122519051327077380e-05
4.112477834278050793e-05
4.096767884602458225e-05
4.081833654511523636e-05
4.067580953366522665e-05
4.056322054043785867e-05
4.040628099981872926e-05
4.025944835662988755e-05
4.015931645524214414e-05
3.999727194150395969e-05
3.984763146538174036e-05
3.971714562423941887e-05
3.960040611232338328e-05
3.944435436414004558e-05
3.931150327689387732e-05
3.921468343104006688e-05
3.905656948942316868e-05
3.890896034716825115e-05
3.877275447500018311e-05
3.867919119813856635e-05
3.852559065603729916e-05
3.837470740241612010e-05
3.824053906282408224e-05
3.814405478545577338e-05
3.799392423551930116e-05
3.785133708166241509e-05
3.776709004982991045e-05
3.762217138281278753e-05
3.747667426314669104e-05
3.733824793301292693e-05
3.725144544436037922e-05
3.710749166032642688e-05
3.696555894895243300e-05
3.683191428232897026e-05
3.674437266775896962e-05
3.660261549501610549e-05
3.645466171488948704e-05
3.633886854441197961e-05
3.624644975562687734e-05
3.610162211606177606e-05
3.596791356099946250e-05
3.584642447101623328e-05
3.575501199409104923e-05
3.561514020562515584e-05
3.548273516985874990e-05
3.536376530131689995e-05
3.527301153409833522e-05
3.513615979112982846e-05
3.500657378818243710e-05
3.493371470492244067e-05
3.479896299975237042e-05
3.466496922021369527e-05
3.453901825331972956e-05
3.446901133943391335e-05
3.433651789056126448e-05
3.420414702251508638e-05
3.407990161507019791e-05
3.396881251009582970e-05
3.388307661899564715e-05
3.375217255143655000e-05
3.362936021249970659e-05
3.352020504481540705e-05
3.343921454626100896e-05
3.331018306211447626e-05
3.318797219504742005e-05
3.307910087111254875e-05
3.300361727951791485e-05
3.287779456670941519e-05
3.275744695114024042e-05
3.264909469041079795e-05
3.257940949931163103e-05
3.245562036132981792e-05
3.233617487395507571e-05
3.222822108124852005e-05
3.216445575262450861e-05
3.204312100434879149e-05
3.192396648537424109e-05
3.181641216300778611e-05
3.175948948471896425e-05
3.164086348027401286e-05
3.152250990096325018e-05
3.141299178556689113e-05
3.131720477173894501e-05
3.124916997632367765e-05
3.113263851770150734e-05
3.102260309432959204e-05
3.092495698130801090e-05
3.086695897261901176e-05
3.075315543695257016e-05
3.064262339937189424e-05
3.054257425909366695e-05
3.049361300032848052e-05
3.038341172030108853e-05
3.027347969233625043e-05
3.017136550555526503e-05
3.008162640707245846e-05
3.002368938423262556e-05
2.991468945393983709e-05
2.981082310454722230e-05
2.971851001572034959e-05
2.967411819825419749e-05
2.956865536815342499e-05
2.946392733672818505e-05
2.936770886952303600e-05
2.928405177359591816e-05
2.923205507737433988e-05
2.912854885856288714e-05
2.902939899579841591e-05
2.894092264136072977e-05
2.886501401490490731e-05
2.880375856727976946e-05
2.870382265505078647e-05
2.861101633129182933e-05
2.852999385054352658e-05
2.848713198261597140e-05
2.838898064000537662e-05
2.829363602948243669e-05
2.820769134628752268e-05
2.813336592270118035e-05
2.808574089005441867e-05
2.799013221435611644e-05
2.789931308066187818e-05
2.781896731714692537e-05
2.775055670996153686e-05
2.769784313608712745e-05
2.760501026888786285e-05
2.751868350083069826e-05
2.744381773892412259e-05
2.741361965968884599e-05
2.732359866558684659e-05
2.723383911550236481e-05
2.715123506279139696e-05
2.708050297100558199e-05
2.704935747225349033e-05
2.696137246291221230e-05
2.687532347614924385e-05
2.679676518238990191e-05
2.672963934867866892e-05
2.669867014353162718e-05
2.661254588771235117e-05
2.652848357468851932e-05
2.645297583766815499e-05
2.638874851434959155e-05
2.635882861480314625e-05
2.627467511307767802e-05
2.619062776285559574e-05
2.611529401321711303e-05
2.605507568379563307e-05
2.603111508144433873e-05
2.595173543898645634e-05
2.587085036959770011e-05
2.579730264803307301e-05
2.573726293606584523e-05
2.571377178648645115e-05
2.563357366659478110e-05
2.555493925084766375e-05
2.548421738190175735e-05
2.542457398875136454e-05
2.540567782209572143e-05
2.532837330102124450e-05
2.525101857247839338e-05
2.518069814848484739e-05
2.512146632705213688e-05
2.507283183919799044e-05
2.503304276648202209e-05
2.495688518146314174e-05
2.488628385865918535e-05
2.482552204255476409e-05
2.477554694743180590e-05
2.474441527905895925e-05
2.466812344000250096e-05
2.459580159684524096e-05
2.453318960696032085e-05
2.448195571915111191e-05
2.446115637184464339e-05
2.438672547019566638e-05
2.431423584894298366e-05
2.424974478397004291e-05
2.419642405000070379e-05
2.415331812300029757e-05
2.411590607212928073e-05
2.404422638307259559e-05
2.397919612719546972e-05
2.392328532828740279e-05
2.387923517453758885e-05
2.385842136502760102e-05
2.378957738911685675e-05
2.372323787570170369e-05
2.366544920425386319e-05
2.361921689548005670e-05
2.358194583727237832e-05
2.354902152265115500e-05
2.348203991375291241e-05
2.342250846031950293e-05
2.337217924846833863e-05
2.333225108654446263e-05
2.331802701138228632e-05
2.325260405022296111e-05
2.318942596465976583e-05
2.313337673057635802e-05
2.308737696836607293e-05
2.305078289493447683e-05
2.302535392967217811e-05
2.295918315817915638e-05
2.289632667328367826e-05
2.284174883551319058e-05
2.279749018949531663e-05
2.276138446523323747e-05
2.272399540491692872e-05
2.265589821799752444e-05
2.259309625789932794e-05
2.253953382531293900e-05
2.249561588231756116e-05
2.245908413125614019e-05
2.241390336755444730e-05
2.234700645781280488e-05
2.228572872920020075e-05
2.223361370023648839e-05
2.219147541143409497e-05
2.217506894120411840e-05
2.210821601862632561e-05
2.204182532881161511e-05
2.198144819685990029e-05
2.193239105867258209e-05
2.189519636267028444e-05
2.187828476137581191e-05
2.180664128139966050e-05
2.174948674117687907e-05
2.169064578197751864e-05
2.164144045875723054e-05
2.160437068840703466e-05
2.159016336874361073e-05
2.152589289051193598e-05
2.146192550740794183e-05
2.140471267205003300e-05
2.135813209420703377e-05
2.132178744368342093e-05
2.129196240874571132e-05
2.124679259328891970e-05
2.118404807507129727e-05
2.112700011797659830e-05
2.107932280603313409e-05
2.104157741358762018e-05
2.101180069161006638e-05
2.097358813267155564e-05
2.091073929508015927e-05
2.085177681565440861e-05
2.080184555725683778e-05
2.076304127052297008e-05
2.073365155128947977e-05
2.070454318414196324e-05
2.064074498519019154e-05
2.057949806618059805e-05
2.052631607552888172e-05
2.048574800512244600e-05
2.045824186650177818e-05
2.044228456059824479e-05
2.036962176544532740e-05
2.030108541123569542e-05
2.026153400606706532e-05
2.021734470234555823e-05
2.017888073378460781e-05
2.014750824555205114e-05
2.010725291172221050e-05
2.004754017424136220e-05
1.999176399146926906e-05
1.994324825767128202e-05
1.990456304670491688e-05
1.987286618108712746e-05
1.984867066064731792e-05
1.978611786064013515e-05
1.972686389739043960e-05
1.967432245934413687e-05
1.963038527398631519e-05
1.959601083114418204e-05
1.956845826602098264e-05
1.953170661844045013e-05
1.947085205078781319e-05
1.941386997983938784e-05
1.936419527407454529e-05
1.932408222815141190e-05
1.929247458728066921e-05
1.926552612027862928e-05
1.921666421516928934e-05
1.915595127108727405e-05
1.910073396927090296e-05
1.905369871386990293e-05
1.901641276488128091e-05
1.898685990346754459e-05
1.896441602872733044e-05
1.890285878833685389e-05
1.884248237945330338e-05
1.878966891852886363e-05
1.874782256421467076e-05
1.871557081852224730e-05
1.868797814087587141e-05
1.865874811394335934e-05
1.859671431924911591e-05
1.853757930315118031e-05
1.848534918138769234e-05
1.844247519531273636e-05
1.840906447157145590e-05
1.838227945753855591e-05
1.835254714643961240e-05
1.829116949098076120e-05
1.823293180143511152e-05
1.818095409811221430e-05
1.813888557989285614e-05
1.810609308754344382e-05
1.807960763225139369e-05
1.805146538035810104e-05
1.799101827925756760e-05
1.793240450487751752e-05
1.788093476993387712e-05
1.783883596109919317e-05
1.780590005459909163e-05
1.777942405732834205e-05
1.775439513303244033e-05
1.769492441345881585e-05
1.763615577997547238e-05
1.758362974801428225e-05
1.754041887381832952e-05
1.750656083416628298e-05
1.747926925877860344e-05
1.745467173824206985e-05
1.740359413905097246e-05
1.734456700030263435e-05
1.729063486418209804e-05
1.724540892160720632e-05
1.720978868304364812e-05
1.718179183737289642e-05
1.715757261008738608e-05
1.711845092588834555e-05
1.705920756993363350e-05
1.700337180709651731e-05
1.695508761256390122e-05
1.691626812699515353e-05
1.688630213656275485e-05
1.686194743509550602e-05
1.683826426775483879e-05
1.677976099008031058e-05
1.672255806318368736e-05
1.667122511629403456e-05
1.662855781933900281e-05
1.659520157360960330e-05
1.656890658345420335e-05
1.654596065167922910e-05
1.650682921096458244e-05
1.644930074679026920e-05
1.639508090260406866e-05
1.634805329079983964e-05
1.631006921393864543e-05
1.628069665983510893e-05
1.625722313221344428e-05
1.623525442989615745e-05
1.618448880783254483e-05
1.612836569575005805e-05
1.607698352793893480e-05
1.603346944063720848e-05
1.599900512983693453e-05
1.597236544559473706e-05
1.595044263550671667e-05
1.592870166052743402e-05
1.587020389365200503e-05
1.581529689079007290e-05
1.576599924638901802e-05
1.572522563555518832e-05
1.569362949952575879e-05
1.566915157392676186e-05
1.564854306969240585e-05
1.562759138735581512e-05
1.556589178616926426e-05
1.551266412631186677e-05
1.546523169862565683e-05
1.542602335465636159e-05
1.539565883698150960e-05
1.537261094376853797e-05
1.535330297789299140e-05
1.533330378631440950e-05
1.527198920404930396e-05
1.521952878976888216e-05
1.517283251444560859e-05
1.513418148534500282e-05
1.510486283158906775e-05
1.508231096075046140e-05
1.506407024212183526e-05
1.504528506256644311e-05
1.498848504710929035e-05
1.493685098726586444e-05
1.488993906192001211e-05
1.485136391460015078e-05
1.482227856517432998e-05
1.479982890148805516e-05
1.478100994111636706e-05
1.476264922025311054e-05
1.471368607928875803e-05
1.466271360400192026e-05
1.461589132072882777e-05
1.457630983920910311e-05
1.454536837898621228e-05
1.452226897464579842e-05
1.450491170741210444e-05
1.448950269137237904e-05
1.447149113912473365e-05
1.440312385336358405e-05
1.435471653493694128e-05
1.431250157420243724e-05
1.427889804714778777e-05
1.425442175568660458e-05
1.423675149549683027e-05
1.422190228523308724e-05
1.420575479073273190e-05
1.415283982647414246e-05
1.410520611804668044e-05
1.406172843152791401e-05
1.402298182596815513e-05
1.399312366781030252e-05
1.397769945288986925e-05
1.396225483748529111e-05
1.394768823214660020e-05
1.393173721499218184e-05
1.386820242611767211e-05
1.382257982416321318e-05
1.378175020507264538e-05
1.374862595037047132e-05
1.372445159659858783e-05
1.370780170462831179e-05
1.369555559189181066e-05
1.368333783424773146e-05
1.366698783530594300e-05
1.359601658741168603e-05
1.355138089547965635e-05
1.351327184226847386e-05
1.348364777430361794e-05
1.346266241709319249e-05
1.344802430112854042e-05
1.343693247864789076e-05
1.342605055527320749e-05
1.341151869360049912e-05
1.333993206705381658e-05
1.329756938032879940e-05
1.326083704324343892e-05
1.323252251630622685e-05
1.321342082429790459e-05
1.320114050288272128e-05
1.319170210922092755e-05
1.318091650440387635e-05
1.316544281862032741e-05
1.309351360060431171e-05
1.305212962737576324e-05
1.301707176496706759e-05
1.299021420829533543e-05
1.297189753018616555e-05
1.296015941822866500e-05
1.295191128295577131e-05
1.294312641417865969e-05
1.293004965188764954e-05
1.286285028751226424e-05
1.282128322622846035e-05
1.278547156240949955e-05
1.275781553207261028e-05
1.273914437085170216e-05
1.272761030737890084e-05
1.272051497897035960e-05
1.271351496475575242e-05
1.270295177066263677e-05
1.264456014793336041e-05
1.260284550381975622e-05
1.256591921975296040e-05
1.253648139256930398e-05
1.251596138850241697e-05
1.250332884023731132e-05
1.249611852248950854e-05
1.249046671760055521e-05
1.248263769153042999e-05
1.246905516877129187e-05
1.239649571713964381e-05
1.235807036352658732e-05
1.232634457464418481e-05
1.230257074844882321e-05
1.228702970838432175e-05
1.227794573253080599e-05
1.227278664077170744e-05
1.226761359900800188e-05
1.225959879454285746e-05
1.220364370024822476e-05
1.216420187657985246e-05
1.212848614600308864e-05
1.209959796333629037e-05
1.207910408784890426e-05
1.206686899922065158e-05
1.206114669579237317e-05
1.205846357346188340e-05
1.205447445728824313e-05
1.204484035553606367e-05
1.198134184626572221e-05
1.194126937733957350e-05
1.190682741477548301e-05
1.188077614494364859e-05
1.186538664789684811e-05
1.185773409803854573e-05
1.185564026012527318e-05
1.184735276611856961e-05
1.183617983444341643e-05
1.183539639473312105e-05
1.177292274385749591e-05
1.173460833270422955e-05
1.169978091048286191e-05
1.167339492159214931e-05
1.165638989556641282e-05
1.164871197166489998e-05
1.164658159668831693e-05
1.164613355095305365e-05
1.164302883968402512e-05
1.163445205059208754e-05
1.157124832758608574e-05
1.153310627074706595e-05
1.149960082805935585e-05
1.147397441420175002e-05
1.145751705248051461e-05
1.144923735147827977e-05
1.144629071065694305e-05
1.144546465482966268e-05
1.144340183532474521e-05
1.143672559549701851e-05
1.142280167185201345e-05
1.134310623483741259e-05
1.130956206948641253e-05
1.128239967548897979e-05
1.126333468934840346e-05
1.125250065772747806e-05
1.124851848242899581e-05
1.124793720342142079e-05
1.124759303482819709e-05
1.124415891385896615e-05
1.123343010391273002e-05
1.116215576383783521e-05
1.112636724821805051e-05
1.109572298713171699e-05
1.107307830292312634e-05
1.105919231825036029e-05
1.105325102754110416e-05
1.105271610884581963e-05
1.105409738305062811e-05
1.105343842752729206e-05
1.104704574300974838e-05
1.103286138746555607e-05
1.095248252156114850e-05
1.091858165427223014e-05
1.089129618378906925e-05
1.087260924845918966e-05
1.086234656673309590e-05
1.085907957118002038e-05
1.085989479779298172e-05
1.086142840147976020e-05
1.085984588697938226e-05
1.085209095617586823e-05
1.083602552940008061e-05
1.075187938961546093e-05
1.071942493121277736e-05
1.069392675543329375e-05
1.067695120467369108e-05
1.066831418058351695e-05
1.066652288114212255e-05
1.066848441864760203e-05
1.067082286600561595e-05
1.066956342116460949e-05
1.066168350272599575e-05
1.064520217946662846e-05
1.056002038696034452e-05
1.052730682177222560e-05
1.050149955640252767e-05
1.048444370670266114e-05
1.047595088136957505e-05
1.047436659723500579e-05
1.047662406002058144e-05
1.047925129422663924e-05
1.047845570003084677e-05
1.047134857936169339e-05
1.045542333460151540e-05
1.037140687533838456e-05
1.033733176883667643e-05
1.031047966150571300e-05
1.029284086081849338e-05
1.028428518790886349e-05
1.028250133231923442e-05
1.028451777433313367e-05
1.028712586019586826e-05
1.028715839286645817e-05
1.028186537982139121e-05
1.026880156113480772e-05
1.019078873443631336e-05
1.015483818745027709e-05
1.012445920515035040e-05
1.010212771852332425e-05
1.008876808919436150e-05
1.008387687895733560e-05
1.008492071388033729e-05
1.008863421722113679e-05
1.009126725767710159e-05
1.008922856015811919e-05
1.008013915643736335e-05
1.006243171873203517e-05
9.976474538284619027e-06
9.942739573328482751e-06
9.912617118574609595e-06
9.894345784289494190e-06
9.887204012001872487e-06
9.884603871236686783e-06
9.886679520992697168e-06
9.890807327116674794e-06
9.892780729424439996e-06
9.889447763671107872e-06
9.877688160681393674e-06
9.856576864477237560e-06
9.765723388353762544e-06
9.732141044177381175e-06
9.706399121958100596e-06
9.689726559541581905e-06
9.682116226885461357e-06
9.681856356554594900e-06
9.685855258495031461e-06
9.690658540509208447e-06
9.692451880455540980e-06
9.688297881886596475e-06
9.675918417936785589e-06
9.654440232134200181e-06
9.563471534423191502e-06
9.530581081865113869e-06
9.505354184585409360e-06
9.489330495934739093e-06
9.482330667616237015e-06
9.482928539440723691e-06
9.488281033168234700e-06
9.494891160630994278e-06
9.498695700508933256e-06
9.496661378442414984e-06
9.486586622412660803e-06
9.467567794335035047e-06
9.379325982937925242e-06
9.345961963035784759e-06
9.319333014407636703e-06
9.301856051966522789e-06
9.294233825122166797e-06
9.295322056821757626e-06
9.302100941780309807e-06
9.310820129974546486e-06
9.317608457407155212e-06
9.319955842893340485e-06
9.313420306942459068e-06
9.298146227366073288e-06
9.273983019050856684e-06
9.181431638649053905e-06
9.152778667367746627e-06
9.132517834093347602e-06
9.121673683646368922e-06
9.119735978935498733e-06
9.124924343173394822e-06
9.133995084380104850e-06
9.143230172918833122e-06
9.148673890535792503e-06
9.147251534458605046e-06
9.136806670830399099e-06
9.116767425614164531e-06
9.027893730223606866e-06
8.994190349507866385e-06
8.967382539123928734e-06
8.949528836234743774e-06
8.941063938487880903e-06
8.941194054077321267e-06
8.947576110387664585e-06
8.956765816430425757e-06
8.965048177643782616e-06
8.968636763158812367e-06
8.964642761723067246e-06
8.951246953525453836e-06
8.928176738141631980e-06
8.836184472563797616e-06
8.801623257920173943e-06
8.774172136958827245e-06
8.755921392773290243e-06
8.747425320714362007e-06
8.747857611331588199e-06
8.754649130549345892e-06
8.764329146203649323e-06
8.773379444018593337e-06
8.777087288308831438e-06
8.773368633418865173e-06
8.759879691640521125e-06
8.736553797602576200e-06
8.644751713645415682e-06
8.609180151975692362e-06
8.580551421075910585e-06
8.561394712371231858e-06
8.552260271486026482e-06
8.552445596866803829e-06
8.559756249707754246e-06
8.570855674805331296e-06
8.582002081490745039e-06
8.589110326048097111e-06
8.589100326631314171e-06
8.579688840216543504e-06
8.560252152203716596e-06
8.531635922693571171e-06
8.436394891019181506e-06
8.405312583549152876e-06
8.383044839165382925e-06
8.371071382344881263e-06
8.369231393155237539e-06
8.375967539365243174e-06
8.388104671793352975e-06
8.401993089501900061e-06
8.413450261471845516e-06
8.418862128073784860e-06
8.415438043599490927e-06
8.401837230687091444e-06
8.378452839759522626e-06
8.346737061677236440e-06
8.252208934381214761e-06
8.224367461507815734e-06
8.206105434945537902e-06
8.198372905937789570e-06
8.200714284891377491e-06
8.211146589918961666e-06
8.226114876240375317e-06
8.241973674212970378e-06
8.254348920481636810e-06
8.260155206421149497e-06
8.256548837196861127e-06
8.242259555136796439e-06
8.217529300831399763e-06
8.183941755826043961e-06
8.089272716458936340e-06
8.061950652903046588e-06
8.045492988527867400e-06
8.040356328451426317e-06
8.045706126281776827e-06
8.059009541192987174e-06
8.076286813046581298e-06
8.094205872258452262e-06
8.107776024167232218e-06
8.114575269947594562e-06
8.111807211742644603e-06
8.098681264251017230e-06
8.076074288658670149e-06
8.044343055790397160e-06
7.951096306536347967e-06
7.919126849472911628e-06
7.895926652320575483e-06
7.893624651988094282e-06
7.902397067037886496e-06
7.915932350587586463e-06
7.935373432352261998e-06
7.955322528195185475e-06
7.973102492217161552e-06
7.984817810389676870e-06
7.987153242858007057e-06
7.978948836423961670e-06
7.959063511845161049e-06
7.929639441208296085e-06
7.834342602258042508e-06
7.802399289454458906e-06
7.780446033555276354e-06
7.769015099781649095e-06
7.769884110222487699e-06
7.781426885634889053e-06
7.801304993189239829e-06
7.825593252683239395e-06
7.849707369242127269e-06
7.869217668459732329e-06
7.879823984188353975e-06
7.879191910490423997e-06
7.866315587417393562e-06
7.842093835763070417e-06
7.809083739403045277e-06
7.713783827484704906e-06
7.684627862427325301e-06
7.666195713108307969e-06
7.660011330622171693e-06
7.666325922907497113e-06
7.683084381815880092e-06
7.707680919964890641e-06
7.735858460976986859e-06
7.763083442920979050e-06
7.784742897316915947e-06
7.796967886399950142e-06
7.797323206120057159e-06
7.784389970086090095e-06
7.759648879016481740e-06
7.725478266848254070e-06
7.629720315097048041e-06
7.600259820805978358e-06
7.582422319215385860e-06
7.577213597352196449e-06
7.585208365880918060e-06
7.602743029578156936e-06
7.632788994060256754e-06
7.667404457174481193e-06
7.699262576299489573e-06
7.725619430060156869e-06
7.742290784018213747e-06
7.746938994211397501e-06
7.738202155632514404e-06
7.716585899103663003e-06
7.684550932459451389e-06
7.645816281864273249e-06
7.555175151243099580e-06
7.533002049044953564e-06
7.524349878252565732e-06
7.530300712749845836e-06
7.549944153606486487e-06
7.580454820189785039e-06
7.617921001173993904e-06
7.656937330140292381e-06
7.692451682274610938e-06
7.719426492654959027e-06
7.734156150050552583e-06
7.734454868862925396e-06
7.720057805665199679e-06
7.692754073782151082e-06
7.656193978120334192e-06
7.615147275272259062e-06
7.530025209578596534e-06
7.513384014025791053e-06
7.512074322766425336e-06
7.526617391036890137e-06
7.555513544866262205e-06
7.595242292888424303e-06
7.641047592190212300e-06
7.687082190771938857e-06
7.727844922637769275e-06
7.758209697380525765e-06
7.774564771627382340e-06
7.774933323914259996e-06
7.759532322003969334e-06
7.730692919443728998e-06
7.692619772542335700e-06
7.650839643232481321e-06
7.567163566549048792e-06
7.552466201558931426e-06
7.554670984421283324e-06
7.574368883100944039e-06
7.610218712290460841e-06
7.658422107938868322e-06
7.713964724561016715e-06
7.770524112646508678e-06
7.821842724576491247e-06
7.862057190639190970e-06
7.886858925413207878e-06
7.893930753808122786e-06
7.883245266748636364e-06
7.857118672536691606e-06
7.819933674157879581e-06
7.777676593432369863e-06
7.689648427424463083e-06
7.672421036705141464e-06
7.673458845467476627e-06
7.694368929427129728e-06
7.734399585245999216e-06
7.790398662043448980e-06
7.857317479231197343e-06
7.928485166426655750e-06
7.996749740080558378e-06
8.055156063888276616e-06
8.097926877381889026e-06
8.121384895052828409e-06
8.124243161121675694e-06
8.107912912923491384e-06
8.076333385130429046e-06
8.035369978774952468e-06
7.992550481647442103e-06
7.913561472882619266e-06
7.906873731316188243e-06
7.922834470809739439e-06
7.962483845890813697e-06
8.023900672964008469e-06
8.102772410071841340e-06
8.192368193027931586e-06
8.284740271212549928e-06
8.372159545948098554e-06
8.446544774335455053e-06
8.501593285002645437e-06
8.533418722076654205e-06
8.540997867493878694e-06
8.526574640244143842e-06
8.495311259786402411e-06
8.454861126696255102e-06
8.413630159681667587e-06
8.339872069286322317e-06
8.341482778475122471e-06
8.370442397757309178e-06
8.428705132496113825e-06
8.514719156282842522e-06
8.623474218549610000e-06
8.747291337299119843e-06
8.876539826973615138e-06
9.001132830663801903e-06
9.111252989050737220e-06
9.198703139057707687e-06
9.258104419516543105e-06
9.287493185609141803e-06
9.288857598903429928e-06
9.267985725903196128e-06
9.233658868734132431e-06
9.197077110501489857e-06
9.124569570464829025e-06
9.133710646222869802e-06
9.177391219483109497e-06
9.259953386842695674e-06
9.381499434659502549e-06
0.000000000000000000e+00
0.000000000000000000e+00
0.000000000000000000e+00
0.000000000000000000e+00
0.000000000000000000e+00
0.000000000000000000e+00
0.000000000000000000e+00
0.000000000000000000e+00
0.000000000000000000e+00
0.000000000000000000e+00
0.000000000000000000e+00
0.000000000000000000e+00
0.000000000000000000e+00
0.000000000000000000e+00
0.000000000000000000e+00
0.000000000000000000e+00
0.000000000000000000e+00
0.000000000000000000e+00
0.000000000000000000e+00
0.000000000000000000e+00
0.000000000000000000e+00
0.000000000000000000e+00
0.000000000000000000e+00
0.000000000000000000e+00
0.000000000000000000e+00
0.000000000000000000e+00
0.000000000000000000e+00
0.000000000000000000e+00
0.000000000000000000e+00
0.000000000000000000e+00
0.000000000000000000e+00
0.000000000000000000e+00
0.000000000000000000e+00
0.000000000000000000e+00
0.000000000000000000e+00
0.000000000000000000e+00
0.000000000000000000e+00
0.000000000000000000e+00
0.000000000000000000e+00
0.000000000000000000e+00
0.000000000000000000e+00
0.000000000000000000e+00
0.000000000000000000e+00
0.000000000000000000e+00
0.000000000000000000e+00
0.000000000000000000e+00
0.000000000000000000e+00
0.000000000000000000e+00
0.000000000000000000e+00
0.000000000000000000e+00
0.000000000000000000e+00
0.000000000000000000e+00
0.000000000000000000e+00
0.000000000000000000e+00
0.000000000000000000e+00
0.000000000000000000e+00
0.000000000000000000e+00
0.000000000000000000e+00
0.000000000000000000e+00
0.000000000000000000e+00
0.000000000000000000e+00
0.000000000000000000e+00
0.000000000000000000e+00
0.000000000000000000e+00
0.000000000000000000e+00
0.000000000000000000e+00
0.000000000000000000e+00
0.000000000000000000e+00
0.000000000000000000e+00
0.000000000000000000e+00
0.000000000000000000e+00
0.000000000000000000e+00
0.000000000000000000e+00
0.000000000000000000e+00
0.000000000000000000e+00
0.000000000000000000e+00
0.000000000000000000e+00
0.000000000000000000e+00
0.000000000000000000e+00
0.000000000000000000e+00
0.000000000000000000e+00
0.000000000000000000e+00
0.000000000000000000e+00
0.000000000000000000e+00
0.000000000000000000e+00
0.000000000000000000e+00
0.000000000000000000e+00
0.000000000000000000e+00
0.000000000000000000e+00
0.000000000000000000e+00
0.000000000000000000e+00
0.000000000000000000e+00
0.000000000000000000e+00
0.000000000000000000e+00
0.000000000000000000e+00
0.000000000000000000e+00
0.000000000000000000e+00
0.000000000000000000e+00
0.000000000000000000e+00
0.000000000000000000e+00
0.000000000000000000e+00
0.000000000000000000e+00
0.000000000000000000e+00
0.000000000000000000e+00
0.000000000000000000e+00
0.000000000000000000e+00
0.000000000000000000e+00
0.000000000000000000e+00
0.000000000000000000e+00
0.000000000000000000e+00
0.000000000000000000e+00
0.000000000000000000e+00
0.000000000000000000e+00
0.000000000000000000e+00
0.000000000000000000e+00
0.000000000000000000e+00
0.000000000000000000e+00
0.000000000000000000e+00
0.000000000000000000e+00
0.000000000000000000e+00
0.000000000000000000e+00
0.000000000000000000e+00
0.000000000000000000e+00
0.000000000000000000e+00
0.000000000000000000e+00
0.000000000000000000e+00
0.000000000000000000e+00
0.000000000000000000e+00
0.000000000000000000e+00
0.000000000000000000e+00
0.000000000000000000e+00
0.000000000000000000e+00
0.000000000000000000e+00
0.000000000000000000e+00
0.000000000000000000e+00
0.000000000000000000e+00
0.000000000000000000e+00
0.000000000000000000e+00
0.000000000000000000e+00
0.000000000000000000e+00
0.000000000000000000e+00
0.000000000000000000e+00
0.000000000000000000e+00
0.000000000000000000e+00
0.000000000000000000e+00
0.000000000000000000e+00
0.000000000000000000e+00
0.000000000000000000e+00
0.000000000000000000e+00
0.000000000000000000e+00
0.000000000000000000e+00
0.000000000000000000e+00
0.000000000000000000e+00
0.000000000000000000e+00
0.000000000000000000e+00
0.000000000000000000e+00
0.000000000000000000e+00
0.000000000000000000e+00
0.000000000000000000e+00
0.000000000000000000e+00
0.000000000000000000e+00
0.000000000000000000e+00
0.000000000000000000e+00
0.000000000000000000e+00
0.000000000000000000e+00
0.000000000000000000e+00
0.000000000000000000e+00
0.000000000000000000e+00
0.000000000000000000e+00
0.000000000000000000e+00
0.000000000000000000e+00
0.000000000000000000e+00
0.000000000000000000e+00
0.000000000000000000e+00
0.000000000000000000e+00
0.000000000000000000e+00
0.000000000000000000e+00
0.000000000000000000e+00
0.000000000000000000e+00
0.000000000000000000e+00
0.000000000000000000e+00
0.000000000000000000e+00
0.000000000000000000e+00
0.000000000000000000e+00
0.000000000000000000e+00
0.000000000000000000e+00
0.000000000000000000e+00
0.000000000000000000e+00
0.000000000000000000e+00
0.000000000000000000e+00
0.000000000000000000e+00
0.000000000000000000e+00
0.000000000000000000e+00
0.000000000000000000e+00
0.000000000000000000e+00
0.000000000000000000e+00
0.000000000000000000e+00
0.000000000000000000e+00
0.000000000000000000e+00
0.000000000000000000e+00
0.000000000000000000e+00
0.000000000000000000e+00
0.000000000000000000e+00
0.000000000000000000e+00
0.000000000000000000e+00
0.000000000000000000e+00
0.000000000000000000e+00
0.000000000000000000e+00
0.000000000000000000e+00
0.000000000000000000e+00
0.000000000000000000e+00
0.000000000000000000e+00
0.000000000000000000e+00
0.000000000000000000e+00
0.000000000000000000e+00
0.000000000000000000e+00
0.000000000000000000e+00
0.000000000000000000e+00
0.000000000000000000e+00
0.000000000000000000e+00
0.000000000000000000e+00
0.000000000000000000e+00
0.000000000000000000e+00
0.000000000000000000e+00
0.000000000000000000e+00
0.000000000000000000e+00
0.000000000000000000e+00
0.000000000000000000e+00
0.000000000000000000e+00
0.000000000000000000e+00
0.000000000000000000e+00
0.000000000000000000e+00
0.000000000000000000e+00
0.000000000000000000e+00
0.000000000000000000e+00
0.000000000000000000e+00
0.000000000000000000e+00
0.000000000000000000e+00
0.000000000000000000e+00
0.000000000000000000e+00
0.000000000000000000e+00
0.000000000000000000e+00
0.000000000000000000e+00
0.000000000000000000e+00
0.000000000000000000e+00
0.000000000000000000e+00
0.000000000000000000e+00
0.000000000000000000e+00
0.000000000000000000e+00
0.000000000000000000e+00
0.000000000000000000e+00
0.000000000000000000e+00
0.000000000000000000e+00
0.000000000000000000e+00
0.000000000000000000e+00
0.000000000000000000e+00
0.000000000000000000e+00
0.000000000000000000e+00
0.000000000000000000e+00
0.000000000000000000e+00
0.000000000000000000e+00
0.000000000000000000e+00
0.000000000000000000e+00
0.000000000000000000e+00
0.000000000000000000e+00
0.000000000000000000e+00
0.000000000000000000e+00
0.000000000000000000e+00
0.000000000000000000e+00
0.000000000000000000e+00
0.000000000000000000e+00
0.000000000000000000e+00
0.000000000000000000e+00
0.000000000000000000e+00
0.000000000000000000e+00
0.000000000000000000e+00
0.000000000000000000e+00
0.000000000000000000e+00
0.000000000000000000e+00
0.000000000000000000e+00
0.000000000000000000e+00
0.000000000000000000e+00
0.000000000000000000e+00
0.000000000000000000e+00
0.000000000000000000e+00
0.000000000000000000e+00
0.000000000000000000e+00
0.000000000000000000e+00
0.000000000000000000e+00
0.000000000000000000e+00
0.000000000000000000e+00
0.000000000000000000e+00
0.000000000000000000e+00
0.000000000000000000e+00
0.000000000000000000e+00
0.000000000000000000e+00
0.000000000000000000e+00
0.000000000000000000e+00
0.000000000000000000e+00
0.000000000000000000e+00
0.000000000000000000e+00
0.000000000000000000e+00
0.000000000000000000e+00
0.000000000000000000e+00
0.000000000000000000e+00
0.000000000000000000e+00
0.000000000000000000e+00
0.000000000000000000e+00
0.000000000000000000e+00
0.000000000000000000e+00
0.000000000000000000e+00
0.000000000000000000e+00
0.000000000000000000e+00
0.000000000000000000e+00
0.000000000000000000e+00
0.000000000000000000e+00
0.000000000000000000e+00
0.000000000000000000e+00
0.000000000000000000e+00
0.000000000000000000e+00
0.000000000000000000e+00
0.000000000000000000e+00
0.000000000000000000e+00
0.000000000000000000e+00
0.000000000000000000e+00
0.000000000000000000e+00
0.000000000000000000e+00
0.000000000000000000e+00
0.000000000000000000e+00
0.000000000000000000e+00
0.000000000000000000e+00
0.000000000000000000e+00
0.000000000000000000e+00
0.000000000000000000e+00
0.000000000000000000e+00
0.000000000000000000e+00
0.000000000000000000e+00
0.000000000000000000e+00
0.000000000000000000e+00
0.000000000000000000e+00
0.000000000000000000e+00
0.000000000000000000e+00
0.000000000000000000e+00
0.000000000000000000e+00
0.000000000000000000e+00
0.000000000000000000e+00
0.000000000000000000e+00
0.000000000000000000e+00
0.000000000000000000e+00
0.000000000000000000e+00
0.000000000000000000e+00
0.000000000000000000e+00
0.000000000000000000e+00
0.000000000000000000e+00
0.000000000000000000e+00
0.000000000000000000e+00
0.000000000000000000e+00
0.000000000000000000e+00
0.000000000000000000e+00
0.000000000000000000e+00
0.000000000000000000e+00
0.000000000000000000e+00
0.000000000000000000e+00
0.000000000000000000e+00
0.000000000000000000e+00
0.000000000000000000e+00
0.000000000000000000e+00
0.000000000000000000e+00
0.000000000000000000e+00
0.000000000000000000e+00
0.000000000000000000e+00
0.000000000000000000e+00
0.000000000000000000e+00
0.000000000000000000e+00
0.000000000000000000e+00
0.000000000000000000e+00
0.000000000000000000e+00
0.000000000000000000e+00
0.000000000000000000e+00
0.000000000000000000e+00
0.000000000000000000e+00
0.000000000000000000e+00
0.000000000000000000e+00
0.000000000000000000e+00
0.000000000000000000e+00
0.000000000000000000e+00
0.000000000000000000e+00
0.000000000000000000e+00
0.000000000000000000e+00
0.000000000000000000e+00
0.000000000000000000e+00
0.000000000000000000e+00
0.000000000000000000e+00
0.000000000000000000e+00
0.000000000000000000e+00
0.000000000000000000e+00
0.000000000000000000e+00
0.000000000000000000e+00
0.000000000000000000e+00
0.000000000000000000e+00
0.000000000000000000e+00
0.000000000000000000e+00
0.000000000000000000e+00
0.000000000000000000e+00
0.000000000000000000e+00
0.000000000000000000e+00
0.000000000000000000e+00
0.000000000000000000e+00
0.000000000000000000e+00
0.000000000000000000e+00
0.000000000000000000e+00
0.000000000000000000e+00
0.000000000000000000e+00
0.000000000000000000e+00
0.000000000000000000e+00
0.000000000000000000e+00
0.000000000000000000e+00
0.000000000000000000e+00
0.000000000000000000e+00
0.000000000000000000e+00
0.000000000000000000e+00
0.000000000000000000e+00
0.000000000000000000e+00
0.000000000000000000e+00
0.000000000000000000e+00
0.000000000000000000e+00
0.000000000000000000e+00
0.000000000000000000e+00
0.000000000000000000e+00
0.000000000000000000e+00
0.000000000000000000e+00
0.000000000000000000e+00
0.000000000000000000e+00
0.000000000000000000e+00
0.000000000000000000e+00
0.000000000000000000e+00
0.000000000000000000e+00
0.000000000000000000e+00
0.000000000000000000e+00
0.000000000000000000e+00
0.000000000000000000e+00
0.000000000000000000e+00
0.000000000000000000e+00
0.000000000000000000e+00
0.000000000000000000e+00
0.000000000000000000e+00
0.000000000000000000e+00
0.000000000000000000e+00
0.000000000000000000e+00
0.000000000000000000e+00
0.000000000000000000e+00
0.000000000000000000e+00
0.000000000000000000e+00
0.000000000000000000e+00
0.000000000000000000e+00
0.000000000000000000e+00
0.000000000000000000e+00
0.000000000000000000e+00
0.000000000000000000e+00
0.000000000000000000e+00
0.000000000000000000e+00
0.000000000000000000e+00
0.000000000000000000e+00
0.000000000000000000e+00
0.000000000000000000e+00
0.000000000000000000e+00
0.000000000000000000e+00
0.000000000000000000e+00
0.000000000000000000e+00
0.000000000000000000e+00
0.000000000000000000e+00
0.000000000000000000e+00
0.000000000000000000e+00
0.000000000000000000e+00
0.000000000000000000e+00
0.000000000000000000e+00
0.000000000000000000e+00
0.000000000000000000e+00
0.000000000000000000e+00
0.000000000000000000e+00
0.000000000000000000e+00
0.000000000000000000e+00
0.000000000000000000e+00
0.000000000000000000e+00
0.000000000000000000e+00
0.000000000000000000e+00
0.000000000000000000e+00
0.000000000000000000e+00
0.000000000000000000e+00
0.000000000000000000e+00
0.000000000000000000e+00
0.000000000000000000e+00
0.000000000000000000e+00
0.000000000000000000e+00
0.000000000000000000e+00
0.000000000000000000e+00
0.000000000000000000e+00
0.000000000000000000e+00
0.000000000000000000e+00
0.000000000000000000e+00
0.000000000000000000e+00
0.000000000000000000e+00
0.000000000000000000e+00
0.000000000000000000e+00
0.000000000000000000e+00
0.000000000000000000e+00
0.000000000000000000e+00
0.000000000000000000e+00
0.000000000000000000e+00
0.000000000000000000e+00
0.000000000000000000e+00
0.000000000000000000e+00
0.000000000000000000e+00
0.000000000000000000e+00
0.000000000000000000e+00
0.000000000000000000e+00
0.000000000000000000e+00
0.000000000000000000e+00
0.000000000000000000e+00
0.000000000000000000e+00
0.000000000000000000e+00
0.000000000000000000e+00
0.000000000000000000e+00
0.000000000000000000e+00
0.000000000000000000e+00
0.000000000000000000e+00
0.000000000000000000e+00
0.000000000000000000e+00
0.000000000000000000e+00
0.000000000000000000e+00
0.000000000000000000e+00
0.000000000000000000e+00
0.000000000000000000e+00
0.000000000000000000e+00
0.000000000000000000e+00
0.000000000000000000e+00
0.000000000000000000e+00
0.000000000000000000e+00
0.000000000000000000e+00
0.000000000000000000e+00
0.000000000000000000e+00
0.000000000000000000e+00
0.000000000000000000e+00
0.000000000000000000e+00
0.000000000000000000e+00
0.000000000000000000e+00
0.000000000000000000e+00
0.000000000000000000e+00
0.000000000000000000e+00
0.000000000000000000e+00
0.000000000000000000e+00
0.000000000000000000e+00
0.000000000000000000e+00
0.000000000000000000e+00
0.000000000000000000e+00
0.000000000000000000e+00
0.000000000000000000e+00
0.000000000000000000e+00
0.000000000000000000e+00
0.000000000000000000e+00
0.000000000000000000e+00
0.000000000000000000e+00
0.000000000000000000e+00
0.000000000000000000e+00
0.000000000000000000e+00
0.000000000000000000e+00
0.000000000000000000e+00
0.000000000000000000e+00
0.000000000000000000e+00
0.000000000000000000e+00
0.000000000000000000e+00
0.000000000000000000e+00
0.000000000000000000e+00
0.000000000000000000e+00
0.000000000000000000e+00
0.000000000000000000e+00
0.000000000000000000e+00
0.000000000000000000e+00
0.000000000000000000e+00
0.000000000000000000e+00
0.000000000000000000e+00
0.000000000000000000e+00
0.000000000000000000e+00
0.000000000000000000e+00
0.000000000000000000e+00
0.000000000000000000e+00
0.000000000000000000e+00
0.000000000000000000e+00
0.000000000000000000e+00
0.000000000000000000e+00
0.000000000000000000e+00
0.000000000000000000e+00
0.000000000000000000e+00
0.000000000000000000e+00
0.000000000000000000e+00
0.000000000000000000e+00
0.000000000000000000e+00
0.000000000000000000e+00
0.000000000000000000e+00
0.000000000000000000e+00
0.000000000000000000e+00
0.000000000000000000e+00
0.000000000000000000e+00
0.000000000000000000e+00
0.000000000000000000e+00
0.000000000000000000e+00
0.000000000000000000e+00
0.000000000000000000e+00
0.000000000000000000e+00
0.000000000000000000e+00
0.000000000000000000e+00
0.000000000000000000e+00
0.000000000000000000e+00
0.000000000000000000e+00
0.000000000000000000e+00
0.000000000000000000e+00
0.000000000000000000e+00
0.000000000000000000e+00
0.000000000000000000e+00
0.000000000000000000e+00
0.000000000000000000e+00
0.000000000000000000e+00
0.000000000000000000e+00
0.000000000000000000e+00
0.000000000000000000e+00
0.000000000000000000e+00
0.000000000000000000e+00
0.000000000000000000e+00
0.000000000000000000e+00
0.000000000000000000e+00
0.000000000000000000e+00
0.000000000000000000e+00
0.000000000000000000e+00
0.000000000000000000e+00
0.000000000000000000e+00
0.000000000000000000e+00
0.000000000000000000e+00
0.000000000000000000e+00
0.000000000000000000e+00
0.000000000000000000e+00
0.000000000000000000e+00
0.000000000000000000e+00
0.000000000000000000e+00
0.000000000000000000e+00
0.000000000000000000e+00
0.000000000000000000e+00
0.000000000000000000e+00
0.000000000000000000e+00
0.000000000000000000e+00
0.000000000000000000e+00
0.000000000000000000e+00
0.000000000000000000e+00
0.000000000000000000e+00
0.000000000000000000e+00
0.000000000000000000e+00
0.000000000000000000e+00
0.000000000000000000e+00
0.000000000000000000e+00
0.000000000000000000e+00
0.000000000000000000e+00
0.000000000000000000e+00
0.000000000000000000e+00
0.000000000000000000e+00
0.000000000000000000e+00
0.000000000000000000e+00
0.000000000000000000e+00
0.000000000000000000e+00
0.000000000000000000e+00
0.000000000000000000e+00
0.000000000000000000e+00
0.000000000000000000e+00
0.000000000000000000e+00
0.000000000000000000e+00
0.000000000000000000e+00
0.000000000000000000e+00
0.000000000000000000e+00
0.000000000000000000e+00
0.000000000000000000e+00
0.000000000000000000e+00
0.000000000000000000e+00
0.000000000000000000e+00
0.000000000000000000e+00
0.000000000000000000e+00
0.000000000000000000e+00
0.000000000000000000e+00
0.000000000000000000e+00
0.000000000000000000e+00
0.000000000000000000e+00
0.000000000000000000e+00
0.000000000000000000e+00
0.000000000000000000e+00
0.000000000000000000e+00
0.000000000000000000e+00
0.000000000000000000e+00
0.000000000000000000e+00
0.000000000000000000e+00
0.000000000000000000e+00
0.000000000000000000e+00
0.000000000000000000e+00
0.000000000000000000e+00
0.000000000000000000e+00
0.000000000000000000e+00
0.000000000000000000e+00
0.000000000000000000e+00
0.000000000000000000e+00
0.000000000000000000e+00
0.000000000000000000e+00
0.000000000000000000e+00
0.000000000000000000e+00
0.000000000000000000e+00
0.000000000000000000e+00
0.000000000000000000e+00
0.000000000000000000e+00
0.000000000000000000e+00
0.000000000000000000e+00
0.000000000000000000e+00
0.000000000000000000e+00
0.000000000000000000e+00
0.000000000000000000e+00
0.000000000000000000e+00
0.000000000000000000e+00
0.000000000000000000e+00
0.000000000000000000e+00
0.000000000000000000e+00
0.000000000000000000e+00
0.000000000000000000e+00
0.000000000000000000e+00
0.000000000000000000e+00
0.000000000000000000e+00
0.000000000000000000e+00
0.000000000000000000e+00
0.000000000000000000e+00
0.000000000000000000e+00
0.000000000000000000e+00
0.000000000000000000e+00
0.000000000000000000e+00
0.000000000000000000e+00
0.000000000000000000e+00
0.000000000000000000e+00
0.000000000000000000e+00
0.000000000000000000e+00
0.000000000000000000e+00
0.000000000000000000e+00
0.000000000000000000e+00
0.000000000000000000e+00
0.000000000000000000e+00
0.000000000000000000e+00
0.000000000000000000e+00
0.000000000000000000e+00
0.000000000000000000e+00
0.000000000000000000e+00
0.000000000000000000e+00
0.000000000000000000e+00
0.000000000000000000e+00
0.000000000000000000e+00
0.000000000000000000e+00
0.000000000000000000e+00
0.000000000000000000e+00
0.000000000000000000e+00
0.000000000000000000e+00
0.000000000000000000e+00
0.000000000000000000e+00
0.000000000000000000e+00
0.000000000000000000e+00
0.000000000000000000e+00
0.000000000000000000e+00
0.000000000000000000e+00
0.000000000000000000e+00
0.000000000000000000e+00
0.000000000000000000e+00
0.000000000000000000e+00
0.000000000000000000e+00
0.000000000000000000e+00
0.000000000000000000e+00
0.000000000000000000e+00
0.000000000000000000e+00
0.000000000000000000e+00
0.000000000000000000e+00
0.000000000000000000e+00
0.000000000000000000e+00
0.000000000000000000e+00
0.000000000000000000e+00
0.000000000000000000e+00
0.000000000000000000e+00
0.000000000000000000e+00
0.000000000000000000e+00
0.000000000000000000e+00
0.000000000000000000e+00
0.000000000000000000e+00
0.000000000000000000e+00
0.000000000000000000e+00
0.000000000000000000e+00
0.000000000000000000e+00
0.000000000000000000e+00
0.000000000000000000e+00
0.000000000000000000e+00
0.000000000000000000e+00
0.000000000000000000e+00
0.000000000000000000e+00
0.000000000000000000e+00
0.000000000000000000e+00
0.000000000000000000e+00
0.000000000000000000e+00
0.000000000000000000e+00
0.000000000000000000e+00
0.000000000000000000e+00
0.000000000000000000e+00
0.000000000000000000e+00
0.000000000000000000e+00
0.000000000000000000e+00
0.000000000000000000e+00
0.000000000000000000e+00
0.000000000000000000e+00
0.000000000000000000e+00
0.000000000000000000e+00
0.000000000000000000e+00
0.000000000000000000e+00
0.000000000000000000e+00
0.000000000000000000e+00
0.000000000000000000e+00
0.000000000000000000e+00
0.000000000000000000e+00
0.000000000000000000e+00
0.000000000000000000e+00
0.000000000000000000e+00
0.000000000000000000e+00
0.000000000000000000e+00
0.000000000000000000e+00
0.000000000000000000e+00
0.000000000000000000e+00
0.000000000000000000e+00
0.000000000000000000e+00
0.000000000000000000e+00
0.000000000000000000e+00
0.000000000000000000e+00
0.000000000000000000e+00
0.000000000000000000e+00
0.000000000000000000e+00
0.000000000000000000e+00
0.000000000000000000e+00
0.000000000000000000e+00
0.000000000000000000e+00
0.000000000000000000e+00
0.000000000000000000e+00
0.000000000000000000e+00
0.000000000000000000e+00
0.000000000000000000e+00
0.000000000000000000e+00
0.000000000000000000e+00
0.000000000000000000e+00
0.000000000000000000e+00
0.000000000000000000e+00
0.000000000000000000e+00
0.000000000000000000e+00
0.000000000000000000e+00
0.000000000000000000e+00
0.000000000000000000e+00
0.000000000000000000e+00
0.000000000000000000e+00
0.000000000000000000e+00
0.000000000000000000e+00
0.000000000000000000e+00
0.000000000000000000e+00
0.000000000000000000e+00
0.000000000000000000e+00
0.000000000000000000e+00
0.000000000000000000e+00
0.000000000000000000e+00
0.000000000000000000e+00
0.000000000000000000e+00
0.000000000000000000e+00
0.000000000000000000e+00
0.000000000000000000e+00
0.000000000000000000e+00
0.000000000000000000e+00
0.000000000000000000e+00
0.000000000000000000e+00
0.000000000000000000e+00
0.000000000000000000e+00
0.000000000000000000e+00
0.000000000000000000e+00
0.000000000000000000e+00
0.000000000000000000e+00
0.000000000000000000e+00
0.000000000000000000e+00
0.000000000000000000e+00
0.000000000000000000e+00
0.000000000000000000e+00
0.000000000000000000e+00
0.000000000000000000e+00
0.000000000000000000e+00
0.000000000000000000e+00
0.000000000000000000e+00
0.000000000000000000e+00
0.000000000000000000e+00
0.000000000000000000e+00
0.000000000000000000e+00
0.000000000000000000e+00
0.000000000000000000e+00
0.000000000000000000e+00
0.000000000000000000e+00
0.000000000000000000e+00
0.000000000000000000e+00
0.000000000000000000e+00
0.000000000000000000e+00
0.000000000000000000e+00
0.000000000000000000e+00
0.000000000000000000e+00
0.000000000000000000e+00
0.000000000000000000e+00
0.000000000000000000e+00
0.000000000000000000e+00
0.000000000000000000e+00
0.000000000000000000e+00
0.000000000000000000e+00
0.000000000000000000e+00
0.000000000000000000e+00
0.000000000000000000e+00
0.000000000000000000e+00
0.000000000000000000e+00
0.000000000000000000e+00
0.000000000000000000e+00
0.000000000000000000e+00
0.000000000000000000e+00
0.000000000000000000e+00
0.000000000000000000e+00
0.000000000000000000e+00
0.000000000000000000e+00
0.000000000000000000e+00
0.000000000000000000e+00
0.000000000000000000e+00
0.000000000000000000e+00
0.000000000000000000e+00
0.000000000000000000e+00
0.000000000000000000e+00
0.000000000000000000e+00
0.000000000000000000e+00
0.000000000000000000e+00
0.000000000000000000e+00
0.000000000000000000e+00
0.000000000000000000e+00
0.000000000000000000e+00
0.000000000000000000e+00
0.000000000000000000e+00
0.000000000000000000e+00
0.000000000000000000e+00
0.000000000000000000e+00
0.000000000000000000e+00
0.000000000000000000e+00
0.000000000000000000e+00
0.000000000000000000e+00
0.000000000000000000e+00
0.000000000000000000e+00
0.000000000000000000e+00
0.000000000000000000e+00
0.000000000000000000e+00
0.000000000000000000e+00
0.000000000000000000e+00
0.000000000000000000e+00
0.000000000000000000e+00
0.000000000000000000e+00
0.000000000000000000e+00
0.000000000000000000e+00
0.000000000000000000e+00
0.000000000000000000e+00
0.000000000000000000e+00
0.000000000000000000e+00
0.000000000000000000e+00
0.000000000000000000e+00
0.000000000000000000e+00
0.000000000000000000e+00
0.000000000000000000e+00
0.000000000000000000e+00
0.000000000000000000e+00
0.000000000000000000e+00
0.000000000000000000e+00
0.000000000000000000e+00
0.000000000000000000e+00
0.000000000000000000e+00
0.000000000000000000e+00
0.000000000000000000e+00
0.000000000000000000e+00
0.000000000000000000e+00
0.000000000000000000e+00
0.000000000000000000e+00
0.000000000000000000e+00
0.000000000000000000e+00
0.000000000000000000e+00
0.000000000000000000e+00
0.000000000000000000e+00
0.000000000000000000e+00
0.000000000000000000e+00
0.000000000000000000e+00
0.000000000000000000e+00
0.000000000000000000e+00
0.000000000000000000e+00
0.000000000000000000e+00
0.000000000000000000e+00
0.000000000000000000e+00
0.000000000000000000e+00
0.000000000000000000e+00
0.000000000000000000e+00
0.000000000000000000e+00
0.000000000000000000e+00
0.000000000000000000e+00
0.000000000000000000e+00
0.000000000000000000e+00
0.000000000000000000e+00
0.000000000000000000e+00
0.000000000000000000e+00
0.000000000000000000e+00
0.000000000000000000e+00
0.000000000000000000e+00
0.000000000000000000e+00
0.000000000000000000e+00
0.000000000000000000e+00
0.000000000000000000e+00
0.000000000000000000e+00
0.000000000000000000e+00
0.000000000000000000e+00
0.000000000000000000e+00
0.000000000000000000e+00
0.000000000000000000e+00
0.000000000000000000e+00
0.000000000000000000e+00
0.000000000000000000e+00
0.000000000000000000e+00
0.000000000000000000e+00
0.000000000000000000e+00
0.000000000000000000e+00
0.000000000000000000e+00
0.000000000000000000e+00
0.000000000000000000e+00
0.000000000000000000e+00
0.000000000000000000e+00
0.000000000000000000e+00
0.000000000000000000e+00
0.000000000000000000e+00
