0.000000000000000000e+00
0.000000000000000000e+00
1.309102556234779666e-10
1.240203846161046872e-10
1.173092754146661402e-10
1.122411697969167634e-10
1.087321750362953581e-10
1.064684708802301519e-10
1.050826789379820327e-10
1.043951554125045905e-10
1.042234876238894156e-10
1.043923648697666836e-10
1.049745636706249891e-10
1.057550034727195507e-10
1.066221300454778644e-10
1.076253840967716065e-10
1.088283214715997401e-10
1.102299638486306223e-10
1.117117573061436750e-10
1.133893798332107001e-10
1.150401480711808877e-10
1.167137014274437599e-10
1.184496039731450058e-10
1.202247956597733008e-10
1.220491297999795173e-10
1.239167371902007666e-10
1.258042577621073377e-10
1.277440903589976125e-10
1.297166482371408130e-10
1.317286431915683015e-10
1.337672397636006507e-10
1.358151146943310501e-10
1.379056424585318270e-10
1.400394759864532339e-10
1.421937509597499369e-10
1.443642553111935538e-10
1.465417408296517257e-10
1.487281621725061113e-10
1.509650427407189813e-10
1.532509777444588056e-10
1.555513304471859114e-10
1.578820556745377742e-10
1.602114741047278571e-10
1.625584979582593072e-10
1.649020395527675688e-10
1.672910112898905318e-10
1.697147001612559138e-10
1.721538912938993899e-10
1.745997443737990455e-10
1.770634191091254370e-10
1.795760752131772953e-10
1.821085485778258735e-10
1.846903798284759288e-10
1.872707857339017530e-10
1.898389829979175743e-10
1.924241882421887966e-10
1.950559301110001282e-10
1.977249856196409374e-10
2.004324437744612589e-10
2.031593934368264087e-10
2.059069233095881420e-10
2.087159627476936863e-10
2.115068042160547342e-10
2.143095808106730321e-10
2.171644254272106798e-10
2.200214707540664691e-10
2.229202658523466347e-10
2.258380259081160571e-10
2.288113824742403447e-10
2.318069668845594613e-10
2.348414102550555195e-10
2.378929866245724379e-10
2.409665423729710627e-10
2.440585668134105832e-10
2.471755490619719602e-10
2.503339780466500515e-10
2.535284116317868480e-10
2.567656839719169585e-10
2.600506981824351222e-10
2.633583572394633692e-10
2.667035639947373054e-10
2.700721673744635209e-10
2.734738009451572052e-10
2.768990443811820280e-10
2.803584772989856423e-10
2.838326792747433803e-10
2.873322009051746015e-10
2.908874769544395388e-10
2.944389132425256390e-10
2.980369156194234437e-10
3.016618899818973210e-10
3.053041957776860990e-10
3.089840064850315188e-10
3.127014491632044599e-10
3.164266509781263706e-10
3.201897392149564202e-10
3.239508412895270349e-10
3.277700847585459405e-10
3.316175973284982528e-10
3.354735068631909129e-10
3.393679413898974824e-10
3.432810291040745937e-10
3.472628983726331858e-10
3.512336777357655822e-10
3.552334959073367198e-10
3.592524817738699120e-10
3.633007643921627387e-10
3.673384729855877079e-10
3.714257369391412641e-10
3.755326857933191083e-10
3.796494492369037656e-10
3.837861224857136807e-10
3.879426624343668654e-10
3.921289914855898773e-10
3.963250321527809744e-10
4.005507070490099376e-10
4.047759388756390157e-10
4.090406504107026873e-10
4.133247644971881882e-10
4.176082040313552537e-10
4.219108919512382891e-10
4.262127512254693362e-10
4.305237048425578444e-10
4.348436758007605700e-10
4.391725870986670546e-10
4.435003617266229167e-10
4.478369226591009711e-10
4.521721928481261953e-10
4.565060952178473557e-10
4.608485526603387560e-10
4.651894880327044855e-10
4.695288658051762030e-10
4.738768170098839688e-10
4.782135142932792077e-10
4.825491302692866892e-10
4.868838375235576500e-10
4.911978086191858363e-10
4.955112161038681979e-10
4.998142325184717068e-10
5.040870304069630053e-10
5.083697823276364323e-10
5.126226608655701620e-10
5.168758386462236521e-10
5.211194883500816223e-10
5.253337827282378777e-10
5.295288946188044335e-10
5.337349969640199026e-10
5.378922628279303649e-10
5.420308654145006862e-10
5.461609780860198948e-10
5.502527743816512586e-10
5.543263875882325373e-10
5.583617894154291192e-10
5.623789113570819012e-10
5.663676851566129031e-10
5.703280428240943795e-10
5.742399166525901363e-10
5.781432392336369011e-10
5.820079434717364474e-10
5.858339625977398205e-10
5.896312301810145794e-10
5.933996801402917546e-10
5.971292467531041860e-10
6.008398646637377259e-10
6.044914688896270544e-10
6.081239948261454295e-10
6.117173782497447039e-10
6.152815553194216546e-10
6.187864625764954915e-10
6.222520369426983585e-10
6.256782157165933517e-10
6.290449365683482890e-10
6.323621375329077626e-10
6.356197570016172997e-10
6.388377337123677280e-10
6.420060067383403513e-10
6.451045481335381662e-10
6.481534608933047969e-10
6.511428809651591935e-10
6.540729445748466233e-10
6.569637882096332240e-10
6.597855486008808434e-10
6.625483627060389523e-10
6.652423676901932455e-10
6.678877009073189532e-10
6.704744998813785252e-10
6.729529022874137475e-10
6.754130459327719404e-10
6.778050687386095565e-10
6.801191087218089711e-10
6.824153039774405463e-10
6.845937926618944452e-10
6.867247129768023479e-10
6.887782031538557507e-10
6.907844014406221218e-10
6.927134460874485685e-10
6.945654753355307362e-10
6.963606274062128309e-10
6.980890404915751156e-10
6.997508527463459781e-10
7.013462022811710770e-10
7.028652044105605205e-10
7.043178834088293680e-10
7.056942407475281213e-10
7.069842778408266933e-10
7.082079960455007073e-10
7.093453966621572951e-10
7.104164809376356405e-10
7.113912500685067328e-10
7.122897052055858742e-10
7.131118474593601419e-10
7.138576779062251913e-10
7.145071975954165479e-10
7.150904075565156310e-10
7.155873088074015135e-10
7.160079023625173141e-10
7.163421892413153858e-10
7.166101704767438939e-10
7.167918471236361018e-10
7.168972202668634569e-10
7.169262910291175694e-10
7.168790605781844210e-10
7.167555301335852808e-10
7.165357009724575818e-10
7.162595744345588080e-10
7.158971519262856850e-10
7.154584349236055133e-10
7.149334249738105180e-10
7.143421236960147925e-10
7.136745327803230877e-10
7.129206539856176376e-10
7.120804891359165824e-10
7.111740401152755194e-10
7.101913088612117126e-10
7.091122973566513504e-10
7.079670076204056962e-10
7.067354416962051240e-10
7.054276016403232185e-10
7.040434895078473017e-10
7.025931073376555566e-10
7.010464571361789400e-10
6.994435408600358826e-10
6.977643603976385023e-10
6.960089175498808984e-10
6.941772140100272206e-10
6.922692513429282391e-10
6.902950309636977485e-10
6.882545541159933209e-10
6.861378218500412198e-10
6.839648350005604297e-10
6.817155941647285490e-10
6.794100959770919438e-10
6.770183219783025930e-10
6.745902497039098944e-10
6.720858563672780032e-10
6.695151188400315529e-10
6.668880136334247408e-10
6.642045168807627236e-10
6.614546043209963509e-10
6.586482512836026988e-10
6.557954326748554573e-10
6.528761229655724743e-10
6.498902961804220831e-10
6.468879258888563228e-10
6.438089851977199477e-10
6.406634467455802013e-10
6.374812826987995533e-10
6.342324647493639753e-10
6.309369641144655373e-10
6.275747515378183005e-10
6.241857972926798320e-10
6.207400711865306910e-10
6.172675425673534314e-10
6.137381803314376759e-10
6.101719529326298689e-10
6.065588283929262933e-10
6.029187743143069197e-10
5.992217578916900239e-10
5.954977459268812563e-10
5.917367048433859344e-10
5.879386007019400982e-10
5.841233992166181805e-10
5.802510657713630081e-10
5.763615654367908671e-10
5.724448629871112971e-10
5.685009229170122240e-10
5.645197094583545675e-10
5.605111865965271000e-10
5.564853180863167695e-10
5.524320674671499503e-10
5.483613980775749620e-10
5.442732730688555940e-10
5.401276554175612614e-10
5.360045079370430268e-10
5.318437932877025751e-10
5.276954739859675098e-10
5.235095124118998202e-10
5.193158708153829784e-10
5.150945113208372015e-10
5.108753959304386624e-10
5.066384865258197287e-10
5.023937395989730909e-10
4.981510904430858891e-10
4.939004689575945870e-10
4.896418049132422504e-10
4.853850279464780178e-10
4.811200675525510221e-10
4.768568530773829605e-10
4.725953137083156153e-10
4.683453784638376489e-10
4.640869761824134967e-10
4.598400355105369980e-10
4.556044848901488959e-10
4.513702525455610062e-10
4.471472664700341259e-10
4.429354544121674493e-10
4.387347438622529651e-10
4.345450620387581880e-10
4.303663358750936472e-10
4.262084920068269828e-10
4.220714567595000582e-10
4.179451561372011496e-10
4.138395158120436730e-10
4.097544611146903661e-10
4.056899170260605263e-10
4.016558081703443498e-10
3.976320588094419182e-10
3.936385928389308282e-10
3.896753337856569789e-10
3.857322048070283486e-10
3.818191286920796784e-10
3.779460278643606604e-10
3.740928243866862302e-10
3.702694399677729831e-10
3.664857959707699920e-10
3.627218134236758564e-10
3.589974130316221072e-10
3.553125151909827393e-10
3.516570400052596806e-10
3.480509073026756124e-10
3.444740366553948230e-10
3.409263474002757199e-10
3.374277586610509538e-10
3.339681893718138527e-10
3.305575583016840843e-10
3.271757840805126918e-10
3.238427852254787737e-10
3.205484801684243082e-10
3.173027872837652061e-10
3.140956249168143048e-10
3.109369114123472557e-10
3.078465708764013222e-10
3.047745504042974759e-10
3.017608029094302160e-10
2.987852814179425876e-10
2.958679390959633047e-10
2.929987292760851320e-10
2.901776054829342596e-10
2.874145214576853515e-10
2.846894311813867649e-10
2.820222888969722722e-10
2.794030491298439189e-10
2.768416667069239216e-10
2.743280967740877249e-10
2.718722948119018176e-10
2.694642166496050685e-10
2.671138184772874424e-10
2.648210568562347744e-10
2.625658887274223291e-10
2.603882714181582130e-10
2.582581626468891088e-10
2.561755205261999733e-10
2.541503035640511733e-10
2.521824706633123005e-10
2.502719811196664407e-10
2.484087946179698207e-10
2.466128712271672142e-10
2.448741713938714714e-10
2.431826559347296746e-10
2.415482860277053950e-10
2.399810232024154488e-10
2.384608293296679250e-10
2.369876666103518723e-10
2.355814975638359876e-10
2.342422850160338665e-10
2.329399920872977670e-10
2.317045821803022971e-10
2.305160189680764426e-10
2.293842663823428164e-10
2.283092886023168756e-10
2.272910500441146759e-10
2.263295153509102751e-10
2.254146493839770743e-10
2.245664172147374822e-10
2.237647841179362649e-10
2.230097155660404276e-10
2.223211772249573142e-10
2.216691349511505584e-10
2.210835547902181475e-10
2.205444029769843301e-10
2.200516459371421177e-10
2.196152578736103206e-10
2.192352435207551583e-10
2.189016154013264974e-10
2.186143862512262489e-10
2.183835690289283527e-10
2.181891769263546186e-10
2.180512233811392621e-10
2.179597220902016908e-10
2.179246870245340541e-10
2.179261324450977778e-10
2.179840729197131246e-10
2.180785233408138624e-10
2.182194989439315513e-10
2.183970153267658933e-10
2.186310884686896147e-10
2.189017347505323453e-10
2.192089709744830732e-10
2.195628143839484165e-10
2.199632826832017653e-10
2.204003940566597434e-10
2.208841671876225531e-10
2.214046212763183955e-10
2.219517760570958164e-10
2.225356518146138438e-10
2.231662693988860091e-10
2.238336502390428066e-10
2.245278163556856780e-10
2.252587903717165291e-10
2.260165955215373415e-10
2.268212556585267630e-10
2.276527952607135528e-10
2.285012394345797919e-10
2.293966139169409862e-10
2.303089450748655929e-10
2.312482599036097095e-10
2.322245860225582217e-10
2.332279516691805257e-10
2.342483856910203607e-10
2.353059175357576205e-10
2.363805772393925631e-10
2.374823954126164658e-10
2.385914032254483497e-10
2.397376323902278506e-10
2.409011151430677310e-10
2.420818842238797233e-10
2.432699728550990314e-10
2.444854147192402145e-10
2.457082439354255427e-10
2.469584950350350893e-10
2.482262029366310802e-10
2.495014071965565271e-10
2.507841648116090784e-10
2.520945373640247463e-10
2.534025867188614199e-10
2.547183749977040303e-10
2.560619645526077941e-10
2.573934179404358337e-10
2.587427978977401095e-10
2.601001673163293354e-10
2.614655892196612071e-10
2.628291267401850305e-10
2.642008430977532368e-10
2.655708015792091685e-10
2.669390655192466879e-10
2.683056982826257598e-10
2.696807632478139546e-10
2.710643237921122775e-10
2.724364432783083680e-10
2.738071850428869683e-10
2.751866123858126419e-10
2.765347885618860301e-10
2.779017767736606656e-10
2.792576401658923723e-10
2.806124418214803893e-10
2.819662447588467955e-10
2.832991119306858299e-10
2.846211062240042843e-10
2.859422904613629470e-10
2.872527274032171971e-10
2.885524797512467161e-10
2.898416101525536017e-10
2.911301812046042376e-10
2.923882554607798668e-10
2.936258954363985324e-10
2.948731636150657920e-10
2.961001224552092750e-10
2.973068343966518187e-10
2.984933618670747480e-10
2.996697672882292092e-10
3.008361130817499404e-10
3.019624616744355109e-10
3.030888755028588500e-10
3.041954170171821741e-10
3.052821486840553386e-10
3.063391329884848017e-10
3.073764324345721927e-10
3.083941095450284989e-10
3.093922268593825821e-10
3.103808469308152821e-10
3.113400323215597424e-10
3.122598436903057014e-10
3.131803340650552706e-10
3.140615545535692777e-10
3.149135562392442715e-10
3.157663901689468667e-10
3.165701073393503445e-10
3.173647586818081663e-10
3.181203950458151925e-10
3.188570671811173130e-10
3.195548257185459852e-10
3.202437211496615232e-10
3.208938038053031016e-10
3.215251238331519607e-10
3.221277311744239234e-10
3.227016755398146542e-10
3.232470063848296359e-10
3.237537728846355177e-10
3.242420239085745074e-10
3.247118079944889277e-10
3.251431733230022071e-10
3.255361676919072806e-10
3.259008384908110409e-10
3.262472326761833309e-10
3.265653967469558235e-10
3.268353767208136632e-10
3.270872181113162685e-10
3.273309659059794438e-10
3.275266645454425781e-10
3.276943579038376463e-10
3.278240892704677300e-10
3.279559013328923266e-10
3.280298361615064841e-10
3.280759351956904654e-10
3.280942392315935876e-10
3.280847884116043143e-10
3.280476222155451775e-10
3.279927794536199588e-10
3.278902982611262326e-10
3.277702160949322277e-10
3.276225697317064748e-10
3.274373952678744646e-10
3.272347281212625641e-10
3.269946030343808068e-10
3.267370540792804729e-10
3.264421146639145255e-10
3.261298175399159143e-10
3.257801948117020282e-10
3.254132779468006635e-10
3.250190977872904170e-10
3.245976845622352599e-10
3.241590612816119747e-10
3.236832238922204475e-10
3.231901611504926201e-10
3.226698612570198792e-10
3.221223118720427703e-10
3.215475001311492487e-10
3.209554126610468765e-10
3.203360355952749131e-10
3.196893545897287357e-10
3.190353548378693992e-10
3.183340210855000656e-10
3.176353376449943841e-10
3.169092884088714447e-10
3.161658568626189340e-10
3.153950260966751078e-10
3.146067788174899859e-10
3.138010973575979317e-10
3.129779636846403145e-10
3.121273594092954484e-10
3.112692657920764992e-10
3.103836637489762367e-10
3.094805338559476968e-10
3.085698563522190056e-10
3.076416111424583016e-10
3.066957777978111221e-10
3.057423355558483946e-10
3.047612633194706993e-10
3.037725396548293896e-10
3.027761427883317353e-10
3.017720506028086626e-10
3.007302406329329504e-10
2.996906900599821220e-10
2.986433757060498399e-10
2.975882740278132522e-10
2.965253611099719176e-10
2.954446126584763668e-10
2.943660039936676035e-10
2.932695100434527804e-10
2.921651053366418775e-10
2.910527639965706240e-10
2.899424597351345780e-10
2.888241658473553259e-10
2.876978552066001534e-10
2.865535002605674630e-10
2.854110730281495690e-10
2.842805450972755328e-10
2.831418876238309522e-10
2.820250713317427094e-10
2.808900665143103232e-10
2.797468430368525604e-10
2.786053655887214649e-10
2.774655794327230841e-10
2.763174246680682289e-10
2.751908409907978444e-10
2.740557677037103876e-10
2.729321437278079523e-10
2.717799076152540400e-10
2.706589975638243823e-10
2.695493514328242290e-10
2.684309067604279807e-10
2.673236007823928388e-10
2.662273704520829896e-10
2.651221524617328507e-10
2.640378832648688668e-10
2.629544990997983585e-10
2.618819360140701460e-10
2.608301298897993571e-10
2.597790164697467265e-10
2.587285313840350458e-10
2.577086101773816381e-10
2.566791883367223852e-10
2.556702013190993588e-10
2.546815845796847899e-10
2.536932735998103765e-10
2.527152039148751320e-10
2.517573111420037213e-10
2.508195310073314442e-10
2.498917993727948576e-10
2.489840522623118863e-10
2.480762258872401513e-10
2.471882566710102341e-10
2.463300812728338466e-10
2.454716366104002206e-10
2.446428598814765643e-10
2.438336885843419779e-10
2.430240605369916909e-10
2.422439138950587035e-10
2.414831871684100313e-10
2.407418192363865415e-10
2.400197493616648116e-10
2.393169172027300301e-10
2.386232628249620446e-10
2.379587267103439613e-10
2.373232497658166025e-10
2.366967733303101102e-10
2.360892391804942113e-10
2.355205895352999835e-10
2.349507670592713526e-10
2.344197148648170005e-10
2.339073765134376307e-10
2.334136978836491116e-10
2.329386327733264090e-10
2.325021372954743797e-10
2.320741680086139052e-10
2.316646819142511032e-10
2.312936364538984448e-10
2.309409895057568656e-10
2.305966993811658066e-10
2.303007248209311338e-10
2.300230249916380368e-10
2.297635594820536249e-10
2.295322882997240454e-10
2.293191718678629924e-10
2.291341710226275501e-10
2.289672470108702447e-10
2.288283614884503362e-10
2.287174765191803281e-10
2.286145545744780516e-10
2.285595585337830618e-10
2.285124516857924083e-10
2.285031977305572476e-10
2.285017607824762510e-10
2.285381053742101548e-10
2.285921964615324896e-10
2.286739994291225208e-10
2.287734800972958993e-10
2.289006047296589835e-10
2.290553400416632070e-10
2.292276532100264844e-10
2.294375118829799961e-10
2.296648841912892263e-10
2.299097387599904389e-10
2.301920447207759753e-10
2.304817717249545401e-10
2.307888899569059880e-10
2.311233701479447868e-10
2.314951835905002446e-10
2.318743021525184419e-10
2.322806982919863815e-10
2.327043450714764724e-10
2.331552161726078595e-10
2.336232859103188490e-10
2.341185292468471728e-10
2.346209218053117360e-10
2.351604398827954744e-10
2.357170604628260840e-10
2.362907612271609979e-10
2.368815205667799800e-10
2.374893175919992174e-10
2.381241321416229189e-10
2.387759501158555142e-10
2.394447794577029195e-10
2.401306341844029795e-10
2.408335290672263629e-10
2.415434796348017429e-10
2.422805021751255173e-10
2.430246137362270362e-10
2.438058321254667364e-10
2.445841759074553211e-10
2.453896644005905217e-10
2.462023176722178891e-10
2.470321565324291246e-10
2.478892025265223296e-10
2.487334779261565864e-10
2.496050057192400147e-10
2.504938095986006248e-10
2.513899139494955436e-10
2.522933438360201614e-10
2.532141249864880761e-10
2.541322837778548360e-10
2.550878472192669681e-10
2.560308429348199729e-10
2.569912991456139439e-10
2.579592446511982571e-10
2.589347088104989208e-10
2.599277215223241514e-10
2.609183132055438527e-10
2.619165147790393239e-10
2.629223576415182103e-10
2.639258736512892137e-10
2.649570951060866554e-10
2.659760547230350115e-10
2.670127856188375872e-10
2.680473212902693276e-10
2.690896955950511757e-10
2.701199427331739389e-10
2.711680972287379146e-10
2.722041939123651564e-10
2.732482679042356673e-10
2.742903545977904793e-10
2.753404896441399351e-10
2.763887089372036655e-10
2.774350485996049875e-10
2.784895449693310656e-10
2.795322345871662481e-10
2.805631541848930229e-10
2.815923406742522756e-10
2.826298311366444955e-10
2.836656628135454751e-10
2.846898730976055018e-10
2.857125036992193829e-10
2.867336131633489776e-10
2.877432643379320799e-10
2.887415201924369792e-10
2.897484438116745632e-10
2.907240983899760373e-10
2.917185472256676115e-10
2.926818537157715537e-10
2.936540813508589308e-10
2.946052937099795835e-10
2.955455544555932797e-10
2.964949273284258933e-10
2.974134761421754163e-10
2.983312647779928844e-10
2.992283571786666811e-10
3.001248173424393079e-10
3.010007093163913207e-10
3.018660971893278671e-10
3.027210450841111028e-10
3.035556171493822848e-10
3.043798775506281681e-10
3.051838904605453523e-10
3.059777200486696934e-10
3.067514304702373525e-10
3.075250858542560400e-10
3.082587502907699531e-10
3.089824878173066577e-10
3.097163624045073441e-10
3.104004379409420860e-10
3.110747782171242579e-10
3.117394469087429516e-10
3.123745075591388616e-10
3.130000235610585395e-10
3.136060581377241268e-10
3.141826743232673275e-10
3.147499349425762366e-10
3.152879025906152242e-10
3.158066396112773717e-10
3.163062080758385547e-10
3.167966697610820998e-10
3.172580861271696538e-10
3.177005182953347571e-10
3.181140270254786416e-10
3.184986726937496019e-10
3.188645152701886468e-10
3.192316142965231115e-10
3.195500288641916080e-10
3.198498175926818659e-10
3.201310386082616819e-10
3.203937495231810138e-10
3.206280069267512457e-10
3.208238648997022684e-10
3.210213764612513283e-10
3.211805940395842014e-10
3.213315694544785011e-10
3.214443539007943647e-10
3.215289979328833181e-10
3.215855514499569869e-10
3.216340636824546932e-10
3.216445831794404999e-10
3.216271577970545254e-10
3.215918346880363580e-10
3.215286602923325065e-10
3.214576803287920400e-10
3.213489397879482329e-10
3.212024829258782114e-10
3.210383532591245467e-10
3.208665935606579951e-10
3.206572458568533779e-10
3.204303514254456150e-10
3.201659507944268898e-10
3.198840837418412123e-10
3.195747892964273133e-10
3.192281057390582998e-10
3.188740706049202744e-10
3.184827206863699039e-10
3.180640920364096423e-10
3.176382199727149640e-10
3.171751390821460680e-10
3.166948832256789904e-10
3.161874855436848638e-10
3.156529784614916024e-10
3.151013936951591737e-10
3.145127622574022823e-10
3.139171144635954566e-10
3.132744799377983919e-10
3.126248876187411139e-10
3.119483657657121999e-10
3.112349419642968594e-10
3.105146431319162509e-10
3.097674955231218036e-10
3.089935247346056370e-10
3.082027557098916233e-10
3.073752127436764498e-10
3.065409194857974120e-10
3.056898989448065607e-10
3.048221734911399568e-10
3.039277648598725798e-10
3.029966941530589723e-10
3.020689818416627067e-10
3.011046424228307962e-10
3.001236683882721859e-10
2.991260462578012138e-10
2.981017619240319969e-10
2.970508006525110033e-10
2.960031470815763965e-10
2.949187852219855149e-10
2.938176984563532971e-10
2.926998695384486993e-10
2.915752805924001350e-10
2.904239131118622651e-10
2.892557479591997744e-10
2.880707653647444275e-10
2.868689449261840231e-10
2.856302656081417044e-10
2.844247057420051080e-10
2.831722430260631157e-10
2.819128545260090292e-10
2.806365166758667943e-10
2.793432052793948280e-10
2.780428955120196561e-10
2.767255619233513709e-10
2.753911784403250033e-10
2.740497183710141877e-10
2.726911544091550652e-10
2.713154586394166639e-10
2.699526025434484845e-10
2.685525570067330066e-10
2.671552923262627110e-10
2.657507782190600282e-10
2.643289838315508090e-10
2.628998777497962554e-10
2.614734280105861195e-10
2.600196021133870366e-10
2.585583670331356963e-10
2.570996892338625102e-10
2.556235346831257418e-10
2.541598688672291621e-10
2.526586568071942579e-10
2.511698630754531427e-10
2.496834518132214931e-10
2.481893867485100937e-10
2.466776312147281810e-10
2.451781481698290370e-10
2.436609002159453131e-10
2.421458496194583580e-10
2.406229583314466251e-10
2.391121880084512123e-10
2.375935000335020892e-10
2.360668555373424123e-10
2.345522115174517733e-10
2.330295091524693068e-10
2.314886855306664294e-10
2.299796775737004241e-10
2.284524220579297193e-10
2.269268556355748080e-10
2.254129148556707183e-10
2.239105361847611342e-10
2.223996560272858814e-10
2.208802107456184029e-10
2.193721366797112468e-10
2.178653701663141447e-10
2.163298475577310644e-10
2.148455052400878769e-10
2.133422796510872378e-10
2.118601072972303922e-10
2.103689247704919789e-10
2.088986687644364853e-10
2.074292760897721769e-10
2.059606836893405719e-10
2.045128286525457028e-10
2.030556482292306593e-10
2.016090798430144849e-10
2.001730611041054314e-10
1.987575298216106196e-10
1.973324240153666979e-10
1.959276819273183362e-10
1.945332420324749783e-10
1.931390430494788309e-10
1.917650239508198189e-10
1.903911239727345281e-10
1.890372826248285264e-10
1.876934396994620404e-10
1.863595352809407149e-10
1.850355097545521907e-10
1.837313038154911072e-10
1.824268584777128490e-10
1.811421150827573721e-10
1.798770153085818141e-10
1.786115011784402012e-10
1.773655150698458187e-10
1.761289997236503130e-10
1.749218982532703982e-10
1.737241541540908260e-10
1.725357113130682861e-10
1.713665140185587948e-10
1.702065069703860352e-10
1.690456352901659837e-10
1.679238445318972926e-10
1.668110806928252524e-10
1.657172900291332206e-10
1.646424184810132548e-10
1.635764122706879687e-10
1.625292181097949212e-10
1.614907832115672833e-10
1.604710553032393051e-10
1.594799826386545485e-10
1.584875140110512232e-10
1.575335987659949872e-10
1.565881868144269080e-10
1.556512286457903326e-10
1.547426753411987418e-10
1.538524785866030797e-10
1.529805906859156019e-10
1.521169645740451399e-10
1.512815538297974807e-10
1.504543126885930562e-10
1.496451960549534991e-10
1.488641595147087615e-10
1.481011593468755674e-10
1.473461525351594791e-10
1.466090967790324388e-10
1.458899505043400941e-10
1.451986728733936514e-10
1.445252237945032101e-10
1.438695639309127349e-10
1.432316547090970042e-10
1.426014583263865534e-10
1.420089377578876761e-10
1.414240567626683604e-10
1.408567798891858392e-10
1.403070724799329001e-10
1.397849006752865666e-10
1.392702314165447484e-10
1.387830324481422901e-10
1.383032723190406205e-10
1.378409203832906032e-10
1.374059467997723379e-10
1.369883225311188524e-10
1.365880193418363339e-10
1.362050097956365404e-10
1.358392672520012874e-10
1.354807658620027991e-10
1.351494805634073752e-10
1.348453870750925266e-10
1.345484618908118691e-10
1.342686822723441442e-10
1.340060262420652341e-10
1.337604725749852635e-10
1.335320007902932114e-10
1.333205952380270107e-10
1.331162573764869963e-10
1.329389934758608139e-10
1.327788105126860305e-10
1.326457161596254995e-10
1.325197187750307301e-10
1.324008273923389463e-10
1.322690517093502860e-10
1.321844020774285232e-10
1.321168894906684812e-10
1.320565255750697247e-10
1.320133225777558373e-10
1.319872933562739107e-10
1.319784513680071069e-10
1.319668106597301158e-10
1.319823858573337173e-10
1.320151921557408583e-10
1.320552453090338197e-10
1.321025616208071275e-10
1.321771579347585884e-10
1.322590516255249060e-10
1.323482605897662746e-10
1.324548032374990691e-10
1.325686984836723553e-10
1.326899657399804039e-10
1.328586249068989303e-10
1.330046963659297906e-10
1.331582009720349339e-10
1.333291600462382586e-10
1.335075953683688082e-10
1.336735291699186696e-10
1.338769841269845522e-10
1.340779833532601430e-10
1.343065503930449605e-10
1.345327092142336584e-10
1.347664842012475401e-10
1.350079001478711849e-10
1.352669822499541203e-10
1.355337560979387463e-10
1.357882476691763781e-10
1.360704833199916430e-10
1.363504897774586219e-10
1.366382941308521826e-10
1.369439238227398584e-10
1.372374066396808151e-10
1.375487707025021928e-10
1.378680444561239267e-10
1.381752566589068562e-10
1.385004363715015792e-10
1.388236129451793320e-10
1.391548197713596234e-10
1.394941055540537548e-10
1.398215230113678869e-10
1.401571250999087082e-10
1.404909650003611215e-10
1.408330961025093109e-10
1.411835719897090891e-10
1.415524464228232398e-10
1.419097733236347208e-10
1.422656067577572310e-10
1.426200009170663951e-10
1.429830101016774798e-10
1.433246887015005942e-10
1.436850911774062663e-10
1.440442720420376920e-10
1.443922858403091313e-10
1.447591871296318184e-10
1.451150304599117993e-10
1.454698703533647904e-10
1.458337612841963512e-10
1.461767576581955636e-10
1.465289137922919143e-10
1.468902838941259274e-10
1.472309220416837451e-10
1.475808821630460886e-10
1.479202180163013530e-10
1.482689831696722533e-10
1.485972309819031690e-10
1.489250145829553821e-10
1.492623868550540185e-10
1.495794004141294776e-10
1.498961075916931253e-10
1.502125604171847892e-10
1.505288106008261735e-10
1.508349095170114003e-10
1.511409081882629099e-10
1.514368572697762561e-10
1.517228070345756250e-10
1.520088073592959188e-10
1.522849077106048714e-10
1.525611571322748428e-10
1.528376042329085718e-10
1.530942971743210540e-10
1.533312836605743908e-10
1.535886109276598396e-10
1.538263257338165220e-10
1.540544743504735416e-10
1.542831025537984056e-10
1.545022556168315030e-10
1.547119783021833912e-10
1.549123154550146163e-10
1.551233137960145371e-10
1.553050201163853710e-10
1.554874806727624487e-10
1.556507411822898061e-10
1.558148468180713332e-10
1.559698422049595922e-10
1.561157714156457672e-10
1.562426779670127380e-10
1.563706048167130668e-10
1.564795943599353364e-10
1.565996884263213478e-10
1.566909282769987180e-10
1.567733546016938943e-10
1.568570075158933672e-10
1.569319265580210639e-10
1.569881506866037204e-10
1.570357182773970651e-10
1.570846671204489497e-10
1.571150344170784093e-10
1.571368567767520189e-10
1.571501702138427346e-10
1.571450101442591064e-10
1.571414113819366439e-10
1.571194081351858336e-10
1.570890340028954377e-10
1.570503219705928584e-10
1.570033044063666623e-10
1.569480130566602127e-10
1.568644790419477464e-10
1.567927328523091536e-10
1.567028043429204689e-10
1.565947227294821272e-10
1.564885165836087156e-10
1.563642138282059408e-10
1.562318417328649971e-10
1.560914269093034495e-10
1.559429953068865245e-10
1.557865722082620265e-10
1.556121822251448874e-10
1.554298492942868058e-10
1.552395966736686325e-10
1.550414469389520580e-10
1.548154219802279231e-10
1.546015429990982505e-10
1.543698305061273871e-10
1.541303043186986631e-10
1.538729835593092386e-10
1.536178866543369224e-10
1.533450313333082918e-10
1.530744316895539143e-10
1.527760893631316416e-10
1.524900023591957067e-10
1.521861679886791072e-10
1.518745828704518101e-10
1.515452429341137038e-10
1.512081434234347714e-10
1.508732789004502909e-10
1.505306432502171841e-10
1.501602296862324205e-10
1.498020307565129035e-10
1.494260383503307337e-10
1.490422437055962478e-10
1.486606374168764942e-10
1.482612094440346438e-10
1.478439491214717332e-10
1.474388451679497005e-10
1.470158856969721698e-10
1.465950582276957777e-10
1.461663496963433905e-10
1.457197464680877930e-10
1.452752343493729826e-10
1.448227986006375273e-10
1.443624239494041115e-10
1.438940946036978450e-10
1.434077942657543951e-10
1.429335061459794764e-10
1.424412129771204141e-10
1.419608970286099165e-10
1.414625401210442483e-10
1.409661236407563815e-10
1.404516285544473771e-10
1.399390354238392572e-10
1.394183244203151396e-10
1.388994753395124508e-10
1.383724676158391377e-10
1.378472803368825663e-10
1.373138922576852042e-10
1.367722818148622145e-10
1.362324271405391392e-10
1.356843060760914992e-10
1.351378961856694887e-10
1.345831747694950778e-10
1.340301188769215468e-10
1.334787053192485055e-10
1.329089106822879735e-10
1.323507113386814671e-10
1.317840834599696456e-10
1.312190030284193796e-10
1.306454458486169044e-10
1.300833843868951653e-10
1.295027782666685341e-10
1.289335837952184778e-10
1.283557571464187845e-10
1.277792543713614107e-10
1.272040314088453831e-10
1.266400440957512106e-10
1.260672481773252913e-10
1.254855993173990983e-10
1.249150531085692138e-10
1.243355650823642859e-10
1.237670907194258523e-10
1.231895854597285566e-10
1.226230047128669801e-10
1.220573038684334444e-10
1.214924383065116053e-10
1.209083634083096023e-10
1.203450345669541600e-10
1.197724071984657453e-10
1.192104367529340319e-10
1.186490787259090675e-10
1.180882886700226260e-10
1.175280222068517526e-10
1.169682350390325140e-10
1.164188829626316555e-10
1.158699218797787231e-10
1.153313078115598260e-10
1.147829969111707750e-10
1.142449454773243166e-10
1.136871099679037082e-10
1.131494470138508701e-10
1.126119134332764022e-10
1.120944662457734194e-10
1.115670626869168297e-10
1.110796602229256566e-10
1.105722165654639097e-10
1.100646896865537351e-10
1.095670378335714535e-10
1.090692195442965393e-10
1.085711936619805112e-10
1.080929193504025965e-10
1.076043561088767848e-10
1.071254637871745464e-10
1.066562026003267704e-10
1.061965331432676831e-10
1.057364164052840046e-10
1.052758137842320288e-10
1.048246871004865252e-10
1.043829986105852346e-10
1.039507110205343229e-10
1.035177867235211136e-10
1.031041854867815510e-10
1.026798667893529207e-10
1.022647906089225101e-10
1.018589174329656803e-10
1.014722082693696292e-10
1.010846246565210337e-10
1.006961286728388168e-10
1.003166829457358406e-10
9.994625065999627750e-11
9.958479556555837973e-11
9.923228198469549307e-11
9.888867481859122483e-11
9.854393955330753095e-11
9.821804226514813622e-11
9.789094962542193846e-11
9.757262890461505490e-11
9.726404797598196374e-11
9.696517531856995185e-11
9.667098001969326815e-11
9.638643177687579552e-11
9.610750089928399107e-11
9.583415830867331819e-11
9.557037553987377571e-11
9.531412474084198910e-11
9.506437867230824536e-11
9.482311070704897897e-11
9.458929482881543105e-11
9.436390563095040072e-11
9.414691831472578016e-11
9.393730868743272389e-11
9.373605316025784944e-11
9.354212874597692012e-11
9.335651305649824340e-11
9.317718430028627059e-11
9.300612127969544698e-11
9.284330338824242889e-11
9.268871060784409307e-11
9.254132350604582688e-11
9.240112323326403538e-11
9.226909152006342473e-11
9.214421067448800065e-11
9.202646357946233818e-11
9.191783369027650890e-11
9.181530503216618152e-11
9.171986219799581788e-11
9.163249034605112624e-11
9.155217519794294259e-11
9.147790303662259597e-11
9.141266070450622024e-11
9.135443774800170385e-11
9.130223285473107126e-11
9.125704741303429699e-11
9.121888336414337915e-11
9.118774320071031548e-11
9.116162996537032516e-11
9.114454724931980009e-11
9.113349919088683822e-11
9.112749047407000277e-11
9.112952632701997187e-11
9.113661252043689369e-11
9.115375536585572238e-11
9.117396171379074503e-11
9.120123895170963879e-11
9.123359500180797656e-11
9.127303831855396934e-11
9.131857788597412927e-11
9.136822321465108646e-11
9.142398433840453093e-11
9.148487181062878453e-11
9.155089670026016174e-11
9.162307058734961470e-11
9.170040555821758751e-11
9.178291420016977956e-11
9.186960959575459499e-11
9.196250531654535083e-11
9.205761541643238539e-11
9.215995442441332562e-11
9.226553733687187380e-11
9.237537960933804547e-11
9.249049714772653904e-11
9.260790629905168956e-11
9.273062384162092771e-11
9.285666697471169107e-11
9.298605330773923093e-11
9.311980084892558648e-11
9.325692799348389139e-11
9.339645351133283316e-11
9.354039653436118639e-11
9.368677654326265632e-11
9.383561335396529562e-11
9.398692710368089234e-11
9.414173823660257334e-11
9.429906748928000559e-11
9.445693587570407170e-11
9.461836467213348213e-11
9.478237540169786822e-11
9.494698981881226474e-11
9.511522989343892572e-11
9.528311779523321941e-11
9.545367845414261054e-11
9.562394727402876711e-11
9.579696238708705062e-11
9.596976206136176756e-11
9.614538468485960950e-11
9.632186874976317865e-11
9.649825283677808088e-11
9.667357559964526555e-11
9.684987574984936394e-11
9.702419204155165499e-11
9.720156325677407963e-11
9.737602819085938807e-11
9.755162563822942822e-11
9.772339437846185283e-11
9.790637316270267296e-11
9.807860070042957385e-11
9.825011564657851331e-11
9.843095658904282241e-11
9.860116203655254200e-11
9.877077040693711530e-11
9.893982001577391663e-11
9.910834906542083990e-11
9.927639563442936910e-11
9.944399766733168941e-11
9.961119296479316667e-11
9.977801917411887302e-11
9.994451378010080760e-11
1.001107140961905998e-10
1.002666572559800320e-10
1.004223802049703843e-10
1.005779196926101246e-10
1.007133122645785328e-10
1.008685942552926740e-10
1.010038017806129585e-10
1.011389707307229124e-10
1.012741367631577372e-10
1.013993352959559601e-10
1.015446015009085054e-10
1.016699702968799605e-10
1.017854763431766640e-10
1.019111540329374344e-10
1.020270374865231934e-10
1.021431605448829697e-10
1.022495567628749953e-10
1.023562594025230188e-10
1.024633014261894948e-10
1.025607154896492259e-10
1.026485339350486887e-10
1.027367887837387470e-10
1.028255117289701131e-10
1.029047350603076329e-10
1.029844944516217434e-10
1.030548261577406702e-10
1.031157660746755395e-10
1.031873497315554924e-10
1.032396122824130120e-10
1.032825884978259197e-10
1.033463127564245273e-10
1.033808190362758220e-10
1.034261409061578462e-10
1.034623115167402911e-10
1.034893635916892425e-10
1.034973294187159639e-10
1.035162408405917395e-10
1.035261292461521206e-10
1.035370255613157102e-10
1.035289602401443329e-10
1.035219632559718651e-10
1.035060640926306730e-10
1.034912917358052903e-10
1.034676746645432756e-10
1.034452408429540752e-10
1.034040177121263019e-10
1.033740321822943884e-10
1.033253106252850058e-10
1.032678788672731510e-10
1.032217621818772962e-10
1.031569852836220407e-10
1.030835723217955937e-10
1.030115468747281454e-10
1.029309319445158865e-10
1.028417499522133552e-10
1.027640227335158346e-10
1.026677715349505673e-10
1.025630170105942409e-10
1.024597792193317305e-10
1.023380776226686980e-10
1.022179310831083982e-10
1.020893578631005722e-10
1.019623756245676817e-10
1.018270014290112207e-10
1.016832517381983262e-10
1.015311424154262440e-10
1.013806887273598937e-10
1.012119053464343426e-10
1.010548063538132315e-10
1.008694052428897046e-10
1.006957149233158208e-10
1.005137477255430261e-10
1.003235154058547997e-10
1.001350275908636236e-10
9.992828710044289791e-11
9.972329463712168273e-11
9.952005035386334142e-11
9.930855386120736143e-11
9.908880423475198204e-11
9.885080002294795113e-11
9.862453925517297359e-11
9.839001945005587884e-11
9.814723762401874001e-11
9.790619030000550818e-11
9.765687351636572649e-11
9.738928283586162584e-11
9.713341335476786836e-11
9.685925971203376987e-11
9.659681609847844179e-11
9.631607626599046586e-11
9.603703353670506247e-11
9.575968081213263025e-11
9.545401058221493086e-11
9.517001493428565241e-11
9.487768556191530696e-11
9.457701377362105485e-11
9.425799050142519929e-11
9.395060630924728507e-11
9.363485140111796672e-11
9.332071562920413508e-11
9.299818850163768829e-11
9.267725919014288082e-11
9.234791653745867266e-11
9.201114906455606852e-11
9.167694497765193314e-11
9.133629217502310371e-11
9.099617825362762472e-11
9.064959051554127408e-11
9.029951597421986228e-11
8.994594136060046970e-11
8.959185312905549242e-11
8.923123746321612345e-11
8.886908028168312071e-11
8.850436724364400605e-11
8.813808375441750570e-11
8.776821497094703363e-11
8.739574580726569265e-11
8.702166093995667465e-11
8.664494481363251377e-11
8.626558164645839086e-11
8.588555543574335314e-11
8.550284996362442816e-11
8.511844880286808922e-11
8.473233320056624767e-11
8.434447571750449727e-11
8.395584660119453929e-11
8.356541591462248087e-11
8.317315354297970693e-11
8.278002920064171259e-11
8.238601243841183581e-11
8.199107265104646409e-11
8.159417908507511384e-11
8.119830084692793637e-11
8.079940691138068525e-11
8.040046613032481202e-11
8.000044724186916324e-11
7.960131887977583197e-11
7.920404958323228009e-11
7.880360780695783985e-11
7.840396193164136263e-11
7.800408027470414028e-11
7.760393110137931714e-11
7.720548263609787173e-11
7.680570307416754564e-11
7.640556059373006200e-11
7.600702336797898398e-11
7.560805957761937707e-11
7.520963742354734598e-11
7.481272513972723354e-11
7.441629100624107564e-11
7.402030336248434200e-11
7.362573062048061017e-11
7.323254127828610061e-11
7.283970393345441933e-11
7.244918729653110042e-11
7.205896020454651611e-11
7.167099163447577666e-11
7.128425071663354200e-11
7.089870674797231563e-11
7.051632920525191817e-11
7.013608775804956091e-11
6.975295228157930136e-11
6.937489286929132599e-11
6.899887984522184818e-11
6.862488377606608441e-11
6.825187548294768178e-11
6.788182605285990093e-11
6.751470684975474357e-11
6.714848952525941331e-11
6.678514602899956826e-11
6.642564861851259836e-11
6.606796986873517595e-11
6.571408268105216768e-11
6.536095939849739963e-11
6.501256913369918650e-11
6.466588045675373560e-11
6.432286229583345747e-11
6.398148394392821680e-11
6.364471506511896714e-11
6.331052570038767829e-11
6.297988627296917306e-11
6.265376759325358131e-11
6.233014086324978076e-11
6.200697768062185738e-11
6.168725004231404751e-11
6.137193034777961620e-11
6.106099140183254505e-11
6.075440641714128352e-11
6.045014901638578624e-11
6.014819323410028592e-11
5.985051351822494207e-11
5.955808473139093081e-11
5.926888215196359290e-11
5.898388147486916181e-11
5.870105881223077534e-11
5.842239069383940823e-11
5.814985406748531757e-11
5.787942629917515206e-11
5.761308517325957006e-11
5.735080889249518360e-11
5.709257607806388508e-11
5.683936576957145351e-11
5.658815742504608988e-11
5.634093092095608489e-11
5.609966655226419552e-11
5.586034503253451953e-11
5.562694749410609736e-11
5.539545548834506490e-11
5.516985098598549874e-11
5.494811637756674533e-11
5.473123447397298155e-11
5.451718850707840928e-11
5.430696213049917535e-11
5.410253942045112770e-11
5.390090487670987508e-11
5.370404342366769294e-11
5.350994041147944040e-11
5.332158161728769836e-11
5.313795324651521373e-11
5.295704193421074154e-11
5.278083474643271545e-11
5.260831918165339784e-11
5.244048317216448356e-11
5.227631600977347382e-11
5.211481112007865583e-11
5.195996329082446892e-11
5.180776774878949125e-11
5.166022016087350105e-11
5.151631663504943263e-11
5.137605372115548778e-11
5.123942841150252337e-11
5.110843814127179376e-11
5.098108078867871980e-11
5.085635467487880124e-11
5.073725856359265814e-11
5.061979166042790053e-11
5.050795361187691443e-11
5.039974450397099003e-11
5.029416486057247350e-11
5.019321564128852474e-11
5.009589823899178593e-11
5.000021447693516685e-11
4.991116660545018332e-11
4.982475729822009987e-11
4.974198964812187105e-11
4.966186716263270219e-11
4.958639375879983903e-11
4.951457375777429340e-11
4.944541187891180468e-11
4.937891323344670668e-11
4.931608331774672859e-11
4.925692800615925498e-11
4.920145354346146943e-11
4.914666653692968306e-11
4.909757394804445520e-11
4.905118308385091654e-11
4.900950158799478249e-11
4.896853743145707991e-11
4.893129890301146360e-11
4.889679459942985762e-11
4.886403341546318037e-11
4.883602453362505217e-11
4.880977741380696735e-11
4.878530178275448215e-11
4.876460762343383165e-11
4.874570516431906219e-11
4.872860486862944203e-11
4.871431742354675282e-11
4.870185372944182444e-11
4.869322488913854906e-11
4.868644219724323638e-11
4.868151712956593632e-11
4.867846133265877777e-11
4.867728827685713629e-11
4.867901823620752636e-11
4.868167328840951940e-11
4.868627564168353494e-11
4.869384762521950902e-11
4.870241167985920873e-11
4.871099034902446691e-11
4.872360626990137755e-11
4.873728216488793365e-11
4.875104083331046583e-11
4.876790514341154921e-11
4.878489802460991763e-11
4.880404246003035446e-11
4.882336147929919543e-11
4.884487815159898164e-11
4.886761557897344528e-11
4.889059688987183653e-11
4.891584523291989802e-11
4.894138377090274438e-11
4.896723567494312608e-11
4.899542411885722067e-11
4.902397227366868075e-11
4.905190330226032083e-11
4.908224035414204480e-11
4.911100656031270627e-11
4.914222502819303214e-11
4.917391883660658424e-11
4.920411103078511323e-11
4.923582461737532575e-11
4.926808255942395370e-11
4.930090777131870875e-11
4.933232311366342685e-11
4.936535138806651560e-11
4.939801533182318276e-11
4.943133761247296024e-11
4.946434082221572027e-11
4.949604747217110438e-11
4.952947998646774473e-11
4.956066069615113970e-11
4.959161183290057248e-11
4.962335552254812978e-11
4.965491377839468609e-11
4.968530849432039818e-11
4.971456143768943626e-11
4.974469424205111237e-11
4.977372839964203768e-11
4.980068525369620972e-11
4.982858599057235956e-11
4.985545163171024757e-11
4.988130302542963475e-11
4.990516167386844755e-11
4.993005223035818778e-11
4.995299998501408446e-11
4.997503002080425011e-11
4.999616720484060219e-11
5.001543617963603573e-11
5.003486135435363644e-11
5.005246689607497317e-11
5.006927672111497481e-11
5.008431448641209396e-11
5.009760358102215007e-11
5.011116711774501491e-11
5.012202792491292374e-11
5.013120853836892978e-11
5.013873119366358188e-11
5.014661781849731772e-11
5.015189002543465503e-11
5.015456910491567620e-11
5.015667601858854976e-11
5.015823139298545472e-11
5.015725551356244051e-11
5.015576831912210980e-11
5.015178939663557368e-11
5.014533797647836937e-11
5.013743292809253551e-11
5.012809275608462254e-11
5.011733559676706522e-11
5.010417921514791522e-11
5.009064100237102930e-11
5.007273797360663627e-11
5.005448676638945096e-11
5.003390363939897320e-11
5.001200447167402137e-11
4.998780476225148295e-11
4.996131963021632655e-11
4.993356381514836991e-11
4.990355167794858819e-11
4.987129720202611162e-11
4.983881399482513188e-11
4.980211528966942691e-11
4.976621394790037661e-11
4.972612246128361755e-11
4.968485295465799132e-11
4.964141718879974179e-11
4.959582656347440862e-11
4.954809212064817935e-11
4.949922454783072873e-11
4.944723418152110251e-11
4.939313101072909614e-11
4.933692468054445315e-11
4.927862392488104406e-11
4.921923485752346784e-11
4.915776268822461778e-11
4.909421229705824241e-11
4.902858823785156852e-11
4.896189474152481227e-11
4.889213571931952745e-11
4.881931476590007808e-11
4.874643516231433317e-11
4.867049987880207449e-11
4.859251157744216373e-11
4.851247261463150820e-11
4.843138504339177450e-11
4.834925061550183011e-11
4.826307078345696160e-11
4.817584670225779459e-11
4.808657923103465498e-11
4.799526893451552782e-11
4.790291608434780147e-11
4.780752066028645238e-11
4.771108235126339766e-11
4.761360055635446943e-11
4.751207438566271234e-11
4.741050266113795332e-11
4.730688391735423339e-11
4.720221640226813159e-11
4.709349807798167563e-11
4.698472662153497872e-11
4.687389942575379428e-11
4.676201360017803876e-11
4.664906597209741976e-11
4.653205308772010879e-11
4.641497121350034851e-11
4.629781633765036696e-11
4.617758417186103174e-11
4.605627015325509878e-11
4.593386944659545963e-11
4.581037694676959555e-11
4.568478728156989746e-11
4.555709481478773283e-11
4.542929364963735509e-11
4.530037763252360382e-11
4.516834035716528158e-11
4.503717516908374798e-11
4.490487517046394392e-11
4.476743322539263115e-11
4.463384196547594331e-11
4.449709379583606726e-11
4.435918090148417339e-11
4.422109525406402957e-11
4.408282749776285616e-11
4.394436359318315694e-11
4.380368818872809673e-11
4.366078574991979313e-11
4.351764056782890094e-11
4.337523676779146733e-11
4.323055831839168051e-11
4.308558904068711098e-11
4.294031261765162907e-11
4.279471260380943309e-11
4.264677243503261821e-11
4.249947543847354308e-11
4.235180484260238253e-11
4.220274378731969051e-11
4.205427533411336358e-11
4.190538247622918224e-11
4.175504814882418783e-11
4.160425523907248161e-11
4.145098659619337028e-11
4.130022504137276589e-11
4.114995337754921343e-11
4.099815439903775132e-11
4.084981090096532998e-11
4.069790568849373204e-11
4.054642158580712572e-11
4.039434144484348465e-11
4.024364815375102722e-11
4.009132464505281483e-11
3.993935390350507292e-11
3.978771897363690151e-11
3.963640296696147852e-11
3.948438906885138901e-11
3.933366054507292751e-11
3.918320074797692475e-11
3.903199312234602267e-11
3.888102121090052204e-11
3.873126865946784996e-11
3.858171922182231830e-11
3.843135676420470704e-11
3.828316526953279017e-11
3.813512884131643992e-11
3.798723170729234437e-11
3.783945822279535868e-11
3.769279287388523057e-11
3.754922028024823357e-11
3.740272519789519790e-11
3.725829252167788576e-11
3.711390728764668297e-11
3.697055467527322213e-11
3.682822000956177850e-11
3.668388798330689905e-11
3.654454031975444736e-11
3.640315811382462663e-11
3.626372261378578843e-11
3.612521522316873390e-11
3.598861750271018292e-11
3.585191117234654023e-11
3.571607811327765917e-11
3.558210037011898475e-11
3.544796015315903308e-11
3.531663984073748794e-11
3.518612198175724958e-11
3.505438929834222831e-11
3.492642468865027745e-11
3.479821122984898052e-11
3.467273218125966290e-11
3.454597098767285715e-11
3.442191128283638744e-11
3.429953689311500873e-11
3.417783184131818920e-11
3.405678035069081295e-11
3.393836684905919223e-11
3.382057597312292662e-11
3.370439257288108377e-11
3.358980171617944829e-11
3.347578869336369063e-11
3.336333902202192294e-11
3.325143845179841005e-11
3.314207296925899826e-11
3.303422880278762411e-11
3.292789242749233754e-11
3.282205057009836822e-11
3.271869021380511887e-11
3.261679860308367088e-11
3.251636324839088860e-11
3.241637193077631353e-11
3.231781270635810312e-11
3.222267391064452392e-11
3.212694416267807931e-11
3.203361236897988958e-11
3.194266772727292707e-11
3.185209972996358269e-11
3.176289816736227835e-11
3.167605313062508939e-11
3.158955501439978557e-11
3.150539451916126759e-11
3.142356265322308963e-11
3.134205073441339831e-11
3.126285039140554946e-11
3.118395356469561831e-11
3.110735282906343665e-11
3.103304235935593149e-11
3.095901696484995848e-11
3.088927176693560934e-11
3.081680219827958607e-11
3.074760400163014383e-11
3.068067322826949055e-11
3.061500623612176188e-11
3.054959968752598594e-11
3.048645054668575621e-11
3.042555607680840384e-11
3.036591383694824589e-11
3.030852167856991477e-11
3.025137774184884693e-11
3.019648045172719073e-11
3.014182851374448249e-11
3.009042090966307570e-11
3.003925689290907943e-11
2.999033598385003336e-11
2.994265796493095902e-11
2.989522287569047363e-11
2.985103100767869143e-11
2.980708289929868444e-11
2.976337933059276922e-11
2.972392131799437110e-11
2.968371010906596474e-11
2.964374717724243773e-11
2.960803421659859816e-11
2.957157313665851980e-11
2.953736605726318733e-11
2.950541530351178541e-11
2.947372340079068782e-11
2.944329306990262792e-11
2.941412722230734496e-11
2.938622895548309986e-11
2.935960154841729361e-11
2.933324845723249565e-11
2.930917331095268990e-11
2.928637990741289922e-11
2.926387220931376637e-11
2.924365434042098212e-11
2.922273058190783755e-11
2.920410536883792025e-11
2.918678328678301661e-11
2.916876906857040486e-11
2.915306759115191811e-11
2.913668387258618521e-11
2.912362306912432004e-11
2.910989047238796309e-11
2.909749150662800872e-11
2.908643258020442287e-11
2.907572364542683153e-11
2.906637563351703316e-11
2.905739959790391053e-11
2.904880671168279383e-11
2.904060826507130305e-11
2.903781566284643951e-11
2.902844042174809704e-11
2.902349416783397153e-11
2.901798863377153473e-11
2.901393565605279778e-11
2.901034717211836716e-11
2.900723521737785172e-11
2.900461192211445701e-11
2.900348950826238539e-11
2.900188028604661961e-11
2.900179665047582107e-11
2.900025107767984906e-11
2.900125612108490624e-11
2.900082440742021816e-11
2.900196863255164350e-11
2.900270155713869843e-11
2.900403600211289735e-11
2.900698484397658188e-11
2.900856100992280199e-11
2.901077747277797220e-11
2.901364724577056625e-11
2.901618337713012739e-11
2.901939894452241071e-11
2.902330704932737106e-11
2.902592081076813668e-11
2.902925335990006193e-11
2.903331783347000361e-11
2.903712736765701187e-11
2.904169509170637066e-11
2.904503412146997548e-11
2.904815755286641699e-11
2.905207845527517174e-11
2.905580986487947095e-11
2.906036477797314149e-11
2.906275614424690133e-11
2.906499686006994658e-11
2.906809976178266070e-11
2.907107761901667345e-11
2.907494312805788547e-11
2.907670890526858936e-11
2.907838748058406550e-11
2.908099129109899539e-11
2.908253267475846367e-11
2.908302386416800487e-11
2.908447757626299362e-11
2.908490879357736060e-11
2.908533297131037514e-11
2.908576543601664399e-11
2.908422138020348892e-11
2.908371585711874788e-11
2.908126377573800483e-11
2.907987989595914821e-11
2.907757882401116244e-11
2.907337500808308232e-11
2.907028273417781806e-11
2.906631612219466367e-11
2.906048912224306336e-11
2.905581551118920339e-11
2.905030888943591464e-11
2.904498267793522983e-11
2.903685011543200901e-11
2.902892425593589967e-11
2.902021796641796980e-11
2.901174392472733047e-11
2.900251461772229374e-11
2.899154233960954039e-11
2.897983919048400173e-11
2.896841707506153064e-11
2.895428770159553214e-11
2.894146258096818973e-11
2.892795302594622421e-11
2.891177015059088422e-11
2.889692486981088398e-11
2.887942789904729217e-11
2.886128975407847617e-11
2.884352075093340132e-11
2.882413100590116188e-11
2.880513043562467080e-11
2.878352875726643546e-11
2.876133548873430547e-11
2.873955994895539887e-11
2.871421125818652877e-11
2.869029833834961273e-11
2.866582991338136498e-11
2.863881450958628477e-11
2.861226045598332024e-11
2.858317588463624239e-11
2.855556873095919628e-11
2.852544673398900233e-11
2.849581743661679222e-11
2.846368818577221965e-11
2.843106613255440761e-11
2.839795823230459296e-11
2.836337124461629382e-11
2.832631159928260581e-11
2.829078499418134742e-11
2.825279679707386303e-11
2.821435217934015657e-11
2.817445611564784195e-11
2.813411338355406646e-11
2.809332856304286493e-11
2.805110603600167395e-11
2.800844998564168167e-11
2.796436439586737852e-11
2.791985305060192553e-11
2.787391953307569946e-11
2.782756722508599079e-11
2.777879930623709523e-11
2.772961875317033976e-11
2.768102833879449352e-11
2.763003063152762463e-11
2.757762799456197001e-11
2.752582258516388869e-11
2.747161635402138130e-11
2.741701104465204058e-11
2.736200819288442983e-11
2.730560912642625477e-11
2.724881496453241197e-11
2.719062661778646252e-11
2.713104478800852404e-11
2.707206996830266448e-11
2.701170244325636593e-11
2.694794228930450873e-11
2.688678937526946623e-11
2.682324336308876058e-11
2.675930370874059963e-11
2.669496966337728916e-11
2.662824027467528213e-11
2.656311438841007639e-11
2.649559065026282832e-11
2.642766750786472380e-11
2.635834321308386469e-11
2.628961582455836071e-11
2.621848321047787199e-11
2.614894305161482174e-11
2.607699284460488204e-11
2.600362990547517540e-11
2.593085137341717930e-11
2.585765421479990400e-11
2.578303522741759088e-11
2.570799104496469917e-11
2.563251814172967139e-11
2.555661283749752827e-11
2.548027130265017720e-11
2.540248894844419094e-11
2.532425858744472851e-11
2.524557228416247682e-11
2.516742197581613741e-11
2.508679947821130799e-11
2.500669649172579519e-11
2.492610460738296341e-11
2.484401531299389863e-11
2.476341999934884439e-11
2.468130996643773065e-11
2.459867642967950159e-11
2.451551052613963710e-11
2.443180332071540119e-11
2.434854581226830591e-11
2.426372893968367588e-11
2.418034358783750018e-11
2.409538059345143587e-11
2.400983075081730990e-11
2.392468481737351971e-11
2.383793351911652643e-11
2.375156755583183066e-11
2.366457760612996567e-11
2.357795433227438967e-11
2.349168838478967681e-11
2.340377040683988214e-11
2.331719103836851795e-11
2.322894091999351065e-11
2.314201069665206832e-11
2.305339102099235756e-11
2.296507255651074170e-11
2.287704598043523361e-11
2.278930198635775019e-11
2.270083128661970560e-11
2.261262461445734608e-11
2.252367272591518149e-11
2.243496640153763305e-11
2.234649644785089846e-11
2.225725369864859409e-11
2.216922901609652786e-11
2.208041329167331471e-11
2.199279744696508150e-11
2.190337243433360956e-11
2.181412923747859310e-11
2.172505887191549245e-11
2.163715238539130529e-11
2.154840085826139390e-11
2.145979540385062680e-11
2.137332716882266865e-11
2.128598733358123421e-11
2.119776711272689952e-11
2.111065727986125411e-11
2.102364674102958707e-11
2.093672396267742331e-11
2.084987744828895727e-11
2.076409573945917477e-11
2.067836741715018543e-11
2.059268110314909283e-11
2.050802546174323881e-11
2.042238920162675258e-11
2.033776107805044034e-11
2.025312989522505639e-11
2.016948450898553978e-11
2.008581382972202980e-11
2.000210682558040540e-11
1.991935252593332245e-11
1.983754002511973472e-11
1.975465848644863334e-11
1.967269714646008657e-11
1.959264531943419716e-11
1.951249240213604203e-11
1.943122787878228313e-11
1.935184132621272637e-11
1.927332241924785014e-11
1.919466093621116522e-11
1.911584676459319400e-11
1.903786990683207351e-11
1.896272048618398198e-11
1.888638875265509462e-11
1.880986508896552746e-11
1.873414001651443958e-11
1.865920420131477723e-11
1.858504845986542468e-11
1.851066376492799882e-11
1.843704125117568485e-11
1.836417222068124051e-11
1.829204814821200098e-11
1.822166068630019767e-11
1.815000167005772364e-11
1.808006312170587982e-11
1.801183725479180251e-11
1.794231647806501619e-11
1.787449339898947413e-11
1.780636082686852320e-11
1.773991177556252149e-11
1.767313946578139767e-11
1.760803732693707427e-11
1.754359899854355942e-11
1.747881833115544784e-11
1.741468938683874264e-11
1.735220643917087696e-11
1.729036397872037417e-11
1.722815672995954847e-11
1.716857963201714492e-11
1.710762783088107910e-11
1.704929667711448101e-11
1.699058172315167772e-11
1.693247872019363659e-11
1.687598361472544565e-11
1.681909254468121355e-11
1.676380183528424160e-11
1.670910799459314537e-11
1.665500770878629391e-11
1.660149783721947779e-11
1.654857540729296583e-11
1.649623760916596961e-11
1.644448179035737713e-11
1.639430545027272408e-11
1.634370623469779268e-11
1.629568193029945436e-11
1.624723045917441637e-11
1.619834987348591805e-11
1.615203835022780684e-11
1.610629418615429833e-11
1.606011579291231224e-11
1.601450169241155718e-11
1.597045051246554636e-11
1.592696098273434994e-11
1.588403193099737087e-11
1.584266227978156920e-11
1.580085104336742499e-11
1.576059732519168354e-11
1.571990031566247332e-11
1.568075929039866575e-11
1.564317360890165280e-11
1.560614271366372915e-11
1.556966612971346700e-11
1.553274346459435052e-11
1.549637440876895364e-11
1.546155873643707885e-11
1.542529630675217921e-11
1.539058706541681380e-11
1.535843104663384001e-11
1.532882837538693968e-11
1.529677927002032521e-11
1.526528404508458834e-11
1.523434311441269004e-11
1.520495699438747145e-11
1.517512630735978827e-11
1.514585178517434208e-11
1.511813427275864262e-11
1.508997514950756896e-11
1.506237758619497284e-11
1.503634529513892203e-11
1.501088211579929869e-11
1.498499201798227229e-11
1.496067910482695785e-11
1.493594761552872850e-11
1.491180192775526979e-11
1.488924655971320330e-11
1.486628617182540225e-11
1.484392556798165605e-11
1.482216969632832850e-11
1.480102364956583798e-11
1.477949266472645071e-11
1.475758212240858716e-11
1.473729754544798108e-11
1.471864459701040267e-11
1.469962907809489133e-11
1.468025692444135272e-11
1.466153420284083350e-11
1.464446710685178343e-11
1.462706195193027200e-11
1.460932516998708268e-11
1.459326330338922862e-11
1.457588299842824496e-11
1.456119099828203821e-11
1.454619413550150721e-11
1.452989932405733695e-11
1.451531355098619912e-11
1.450044386767932412e-11
1.448629738085974168e-11
1.447188124329733433e-11
1.445720264431370374e-11
1.444426880013081684e-11
1.443108694411937866e-11
1.441566431700414834e-11
1.440100815708433059e-11
1.439012569052766373e-11
1.437702412179668494e-11
1.436471062426527827e-11
1.435419233108245774e-11
1.434547632633902394e-11
1.433356963659065393e-11
1.432247922278869675e-11
1.431221197266701947e-11
1.429977469363005745e-11
1.429017410618357598e-11
1.428041683794548042e-11
1.426950941826989205e-11
1.426045827351278562e-11
1.424827009626515421e-11
1.423795296187457515e-11
1.422951520584780846e-11
1.421896504856202639e-11
1.420931059398383433e-11
1.419955982908968317e-11
1.418672062397796455e-11
1.417780073265754621e-11
1.417080779449183885e-11
1.416174933627210040e-11
1.415163277488839437e-11
1.414246542056157966e-11
1.413225448059496146e-11
1.412300706359974383e-11
1.411373018414434998e-11
1.410343076777391239e-11
1.409411565634302535e-11
1.408479161360190103e-11
1.407446533097382047e-11
1.406514343345983779e-11
1.405683248560547389e-11
1.404653899746320657e-11
1.403526943048454462e-11
1.402603020327561895e-11
1.401582769715122950e-11
1.400566826142375426e-11
1.399555821836527880e-11
1.398750386778392447e-11
1.397751149115839522e-11
1.396658735527835808e-11
1.395473771534234795e-11
1.394396881746937369e-11
1.393328690058535925e-11
1.391969819765076417e-11
1.390820893620147422e-11
1.389682533818090536e-11
1.388455361904742001e-11
1.387239998614747501e-11
1.385937063635153899e-11
1.384647175295622544e-11
1.383570950186281148e-11
1.382209002704881100e-11
1.380861944535584117e-11
1.379530384062332311e-11
1.378214925720371700e-11
1.376916169290100556e-11
1.375634709137961559e-11
1.374171133409634604e-11
1.372926023181271701e-11
1.371299951574951881e-11
1.369693485375003285e-11
1.368207191682164871e-11
1.366641629372305031e-11
1.365197345607623574e-11
1.363574874877871712e-11
1.361974738049233639e-11
1.360297441428610536e-11
1.358643475851023307e-11
1.356913315797752871e-11
1.355207418552683661e-11
1.353526223404089860e-11
1.351770150898817372e-11
1.349939602155461154e-11
1.348134958242740443e-11
1.346356579628790720e-11
1.344404805706591244e-11
1.342579954400166520e-11
1.340682321855591190e-11
1.338712182220177749e-11
1.336669787512533641e-11
1.334755367585456977e-11
1.332769130182907170e-11
1.330611261091516398e-11
1.328581924386344148e-11
1.326381262769805728e-11
1.324309398001923920e-11
1.322066431419296487e-11
1.319952444539418123e-11
1.317667499746270899e-11
1.315511641052389070e-11
1.313284894931952512e-11
1.310987271218821845e-11
1.308618764062856697e-11
1.306279352937332887e-11
1.303869003689789781e-11
1.301487669628244322e-11
1.299035292634347172e-11
1.296511804294790650e-11
1.294017127042061555e-11
1.291551175295510391e-11
1.288913856593648967e-11
1.286305072708604027e-11
1.283824720733771620e-11
1.281072694135873670e-11
1.278448883762887571e-11
1.275753178799648476e-11
1.273085467663322843e-11
1.270245638831436286e-11
1.267633581595671275e-11
1.264849186735270456e-11
